Minute	Att_Channel-1	Att_Channel-2	Att_Channel-3	Att_Channel-4
00:00	0.4845	0.6695	0.6361	0.0104
00:01	0.5041	0.6672	0.6653	0.0321
00:02	0.4934	0.6746	0.6391	0.0225
00:03	0.4946	0.5902	0.6253	0.0234
00:04	0.4704	0.6267	0.6149	0.0307
00:05	0.4352	0.5571	0.5518	0.0531
00:06	0.4717	0.6068	0.6112	0.0220
00:07	0.4720	0.6074	0.6216	0.0251
00:08	0.4697	0.6304	0.6176	0.0241
00:09	0.4705	0.6104	0.6125	0.0256
00:10	0.4790	0.5529	0.5944	0.0394
00:11	0.4704	0.5977	0.5953	0.0361
00:12	0.4348	0.5654	0.5654	0.0413
00:13	0.4560	0.5880	0.5900	0.0416
00:14	0.4556	0.5607	0.5656	0.0335
00:15	0.4666	0.6202	0.5879	0.0602
00:16	0.4729	0.6292	0.5816	0.0412
00:17	0.4588	0.5597	0.5741	0.0541
00:18	0.4890	0.5903	0.5831	0.0508
00:19	0.4686	0.5486	0.5891	0.0408
00:20	0.4520	0.5299	0.5422	0.0377
00:21	0.4421	0.5427	0.5547	0.0701
00:22	0.4397	0.5652	0.5756	0.0622
00:23	0.4553	0.6257	0.6215	0.0830
00:24	0.4636	0.5924	0.5934	0.0650
00:25	0.4477	0.5971	0.5601	0.0720
00:26	0.4740	0.5948	0.5886	0.0799
00:27	0.4525	0.6106	0.5951	0.0401
00:28	0.4451	0.5298	0.5456	0.0466
00:29	0.4674	0.5703	0.5990	0.0366
00:30	0.4474	0.5796	0.5869	0.0513
00:31	0.4522	0.6116	0.5863	0.0258
00:32	0.4526	0.6124	0.5931	0.0405
00:33	0.4475	0.6172	0.5725	0.0460
00:34	0.4260	0.5968	0.5752	0.0287
00:35	0.4485	0.5902	0.5790	0.0407
00:36	0.4594	0.5874	0.5668	0.0524
00:37	0.4398	0.6023	0.5754	0.0500
00:38	0.4207	0.5552	0.5476	0.0582
00:39	0.4337	0.6319	0.5819	0.0539
00:40	0.4346	0.6154	0.5896	0.0395
00:41	0.4028	0.6193	0.5670	0.0487
00:42	0.4131	0.5568	0.5872	0.0481
00:43	0.4273	0.5723	0.6010	0.0378
00:44	0.4187	0.5962	0.5728	0.0429
00:45	0.4287	0.5941	0.5703	0.0466
00:46	0.4224	0.5423	0.5739	0.0528
00:47	0.4073	0.5757	0.5648	0.0473
00:48	0.4076	0.5217	0.5576	0.0444
00:49	0.4291	0.5764	0.5904	0.0393
00:50	0.4108	0.5419	0.5554	0.0574
00:51	0.4216	0.5785	0.5633	0.0461
00:52	0.4211	0.5561	0.5770	0.0371
00:53	0.4095	0.5905	0.5755	0.0432
00:54	0.3914	0.5706	0.5794	0.0329
00:55	0.3895	0.5767	0.5743	0.0460
00:56	0.3941	0.6022	0.5947	0.0197
00:57	0.4148	0.6311	0.6121	0.0153
00:58	0.4041	0.6461	0.6100	0.0211
00:59	0.4309	0.6092	0.6253	0.0139
01:00	0.4211	0.6112	0.6295	0.0052
01:01	0.4172	0.6616	0.6412	0.0232
01:02	0.4322	0.6576	0.6386	0.0344
01:03	0.4065	0.5981	0.5956	0.0237
01:04	0.3858	0.5605	0.5716	0.0176
01:05	0.4021	0.6153	0.6319	0.0146
01:06	0.3980	0.6808	0.6431	0.0176
01:07	0.4030	0.6433	0.6200	0.0132
01:08	0.4023	0.6254	0.6028	0.0109
01:09	0.3870	0.5867	0.6051	0.0077
01:10	0.3894	0.6272	0.6273	0.0037
01:11	0.3729	0.6065	0.6205	0.0242
01:12	0.3702	0.6019	0.5908	0.0127
01:13	0.3617	0.6202	0.6199	0.0241
01:14	0.3541	0.6455	0.5806	0.0226
01:15	0.3631	0.5902	0.6098	0.0142
01:16	0.3438	0.5786	0.5673	0.0234
01:17	0.3470	0.5719	0.5596	0.0148
01:18	0.3844	0.5965	0.6229	0.0163
01:19	0.3611	0.5431	0.5737	0.0186
01:20	0.3755	0.6532	0.5947	0.0291
01:21	0.3603	0.6076	0.5765	0.0252
01:22	0.3491	0.6150	0.5802	0.0389
01:23	0.3269	0.5908	0.5650	0.0291
01:24	0.3593	0.5851	0.5410	0.0239
01:25	0.3781	0.5816	0.6214	0.0186
01:26	0.3428	0.5899	0.5778	0.0235
01:27	0.3326	0.5000	0.5066	0.0302
01:28	0.3991	0.4732	0.4523	0.0361
01:29	0.4259	0.4554	0.4779	0.0239
01:30	0.3377	0.5256	0.5528	0.0134
01:31	0.3268	0.6072	0.6067	0.0139
01:32	0.3582	0.7279	0.6840	0.0120
01:33	0.3711	0.7098	0.6963	0.0155
01:34	0.3339	0.6358	0.6355	0.0113
01:35	0.3176	0.6731	0.6606	0.0028
01:36	0.3184	0.6719	0.6859	0.0031
01:37	0.3212	0.7224	0.6965	0.0020
01:38	0.3285	0.6680	0.7014	0.0054
01:39	0.3305	0.6733	0.7124	0.0069
01:40	0.3209	0.6600	0.6797	0.0024
01:41	0.3040	0.6616	0.6833	0.0021
01:42	0.3090	0.6791	0.6770	0.0038
01:43	0.2815	0.6432	0.6440	0.0091
01:44	0.2778	0.6541	0.6384	0.0135
01:45	0.2927	0.5571	0.5977	0.0180
01:46	0.2935	0.5549	0.5585	0.0286
01:47	0.2904	0.5998	0.5573	0.0262
01:48	0.2626	0.5865	0.5818	0.0287
01:49	0.2789	0.6143	0.5787	0.0152
01:50	0.3022	0.5930	0.6260	0.0071
01:51	0.2827	0.5646	0.5935	0.0164
01:52	0.2762	0.5143	0.5637	0.0279
01:53	0.2726	0.5482	0.5244	0.0378
01:54	0.3443	0.4583	0.4982	0.0373
01:55	0.4129	0.4718	0.4729	0.0336
01:56	0.4991	0.4251	0.4139	0.0375
01:57	0.4875	0.4675	0.4541	0.0374
01:58	0.4377	0.4400	0.4469	0.0447
01:59	0.5520	0.4665	0.4374	0.0484
02:00	0.5445	0.4142	0.4045	0.0375
02:01	0.5326	0.3942	0.4009	0.0416
02:02	0.5643	0.4392	0.3822	0.0420
02:03	0.5853	0.3809	0.3408	0.0421
02:04	0.6130	0.3432	0.3375	0.0586
02:05	0.6162	0.3794	0.3283	0.0516
02:06	0.6132	0.3034	0.3014	0.0595
02:07	0.6583	0.3296	0.2961	0.0629
02:08	0.6802	0.3210	0.2829	0.0619
02:09	0.6966	0.2917	0.2835	0.0853
02:10	0.6991	0.2569	0.2798	0.0746
02:11	0.6887	0.2856	0.2624	0.0669
02:12	0.6842	0.3072	0.2636	0.0701
02:13	0.6912	0.2885	0.2518	0.0621
02:14	0.6917	0.2830	0.2375	0.0794
02:15	0.7077	0.2446	0.2173	0.0854
02:16	0.6898	0.2094	0.2069	0.0885
02:17	0.6878	0.2327	0.2125	0.0751
02:18	0.6940	0.2576	0.2231	0.0875
02:19	0.6823	0.2560	0.2126	0.0867
02:20	0.6877	0.1855	0.2114	0.0834
02:21	0.7174	0.3117	0.2224	0.0856
02:22	0.7286	0.2306	0.2201	0.0935
02:23	0.7174	0.1951	0.1911	0.0992
02:24	0.6925	0.2516	0.1830	0.0932
02:25	0.7082	0.2147	0.2101	0.1031
02:26	0.7144	0.2926	0.2195	0.0876
02:27	0.7116	0.2490	0.2229	0.0947
02:28	0.7095	0.2572	0.2146	0.0998
02:29	0.6888	0.2576	0.2043	0.1063
02:30	0.7348	0.2472	0.2060	0.1027
02:31	0.6818	0.2304	0.1701	0.0980
02:32	0.7058	0.2060	0.1564	0.1120
02:33	0.7033	0.2354	0.1636	0.1086
02:34	0.6896	0.1936	0.1319	0.1005
02:35	0.7094	0.2043	0.1373	0.1079
02:36	0.7189	0.1942	0.1450	0.1029
02:37	0.7466	0.2013	0.1711	0.1143
02:38	0.7287	0.1692	0.1612	0.1042
02:39	0.7248	0.2164	0.1745	0.1042
02:40	0.7127	0.2269	0.1655	0.0993
02:41	0.7253	0.2721	0.1760	0.0935
02:42	0.6966	0.1732	0.1456	0.0872
02:43	0.7313	0.1350	0.0869	0.1237
02:44	0.7350	0.1960	0.1181	0.1224
02:45	0.7146	0.1662	0.1218	0.1112
02:46	0.7198	0.1310	0.1016	0.1065
02:47	0.7330	0.1626	0.1131	0.1153
02:48	0.7299	0.1306	0.1025	0.1165
02:49	0.7299	0.1596	0.1109	0.1196
02:50	0.7365	0.1407	0.0839	0.1202
02:51	0.7278	0.1353	0.1054	0.1142
02:52	0.7340	0.1618	0.1042	0.1118
02:53	0.7434	0.1270	0.0836	0.1184
02:54	0.7370	0.1136	0.0960	0.1121
02:55	0.7321	0.1280	0.0657	0.1135
02:56	0.7462	0.0966	0.0665	0.1063
02:57	0.7403	0.1547	0.0724	0.1176
02:58	0.7085	0.1205	0.0684	0.1129
02:59	0.7144	0.0701	0.0329	0.1056
03:00	0.7367	0.1116	0.0547	0.1359
03:01	0.7278	0.1043	0.0261	0.1239
03:02	0.7294	0.0831	0.0215	0.1293
03:03	0.7187	0.0351	0.0067	0.1214
03:04	0.7296	0.0628	0.0110	0.1394
03:05	0.7254	0.1040	0.0256	0.1535
03:06	0.7251	0.0743	0.0239	0.1490
03:07	0.7064	0.0421	0.0157	0.1321
03:08	0.7184	0.0529	0.0027	0.1465
03:09	0.7108	0.0427	0.0071	0.1484
03:10	0.7098	0.0872	0.0101	0.1532
03:11	0.7164	0.0188	0.0029	0.1327
03:12	0.7156	0.0672	0.0015	0.1397
03:13	0.7345	0.0615	0.0041	0.1440
03:14	0.7124	0.0662	0.0123	0.1410
03:15	0.7263	0.0742	0.0102	0.1482
03:16	0.7297	0.0419	0.0108	0.1410
03:17	0.7060	0.0715	0.0068	0.1315
03:18	0.7090	0.1021	0.0109	0.1411
03:19	0.7023	0.0616	0.0115	0.1321
03:20	0.7170	0.0766	0.0292	0.1317
03:21	0.7272	0.0448	0.0068	0.1238
03:22	0.7330	0.0646	0.0201	0.1319
03:23	0.7128	0.0583	0.0212	0.1303
03:24	0.7335	0.0596	0.0069	0.1349
03:25	0.7281	0.0670	0.0156	0.1273
03:26	0.7382	0.0579	0.0156	0.1247
03:27	0.7383	0.0822	0.0327	0.1213
03:28	0.7197	0.0854	0.0094	0.1414
03:29	0.7324	0.0931	0.0338	0.1500
03:30	0.6957	0.0584	0.0127	0.1338
03:31	0.7124	0.0959	0.0327	0.1184
03:32	0.7082	0.0303	0.0051	0.1156
03:33	0.7461	0.0814	0.0082	0.1229
03:34	0.7249	0.0408	0.0028	0.1178
03:35	0.7313	0.0695	0.0279	0.1122
03:36	0.7181	0.0742	0.0269	0.1052
03:37	0.7070	0.1316	0.0470	0.1047
03:38	0.7263	0.1313	0.0702	0.1036
03:39	0.7081	0.0846	0.0504	0.1050
03:40	0.6966	0.1360	0.0563	0.0933
03:41	0.7157	0.1330	0.0590	0.1092
03:42	0.7156	0.0835	0.0532	0.1124
03:43	0.7120	0.0917	0.0509	0.1236
03:44	0.6992	0.1088	0.0472	0.1023
03:45	0.7014	0.0547	0.0353	0.1077
03:46	0.7245	0.0495	0.0274	0.1069
03:47	0.6939	0.0919	0.0392	0.0958
03:48	0.6944	0.0878	0.0234	0.1013
03:49	0.7011	0.0663	0.0222	0.0947
03:50	0.6993	0.0428	0.0128	0.0927
03:51	0.7106	0.0897	0.0666	0.1029
03:52	0.7160	0.1152	0.0703	0.1086
03:53	0.7147	0.0874	0.0471	0.1041
03:54	0.7139	0.0964	0.0359	0.1141
03:55	0.7098	0.1147	0.0494	0.1112
03:56	0.7151	0.0760	0.0443	0.1063
03:57	0.7318	0.0832	0.0287	0.1113
03:58	0.7247	0.1334	0.0553	0.1130
03:59	0.7068	0.0737	0.0271	0.1261
04:00	0.7048	0.1046	0.0473	0.1112
04:01	0.7141	0.1030	0.0202	0.1210
04:02	0.7144	0.0642	0.0324	0.1132
04:03	0.7474	0.0820	0.0398	0.1175
04:04	0.7384	0.1268	0.0619	0.1175
04:05	0.6986	0.0703	0.0613	0.1083
04:06	0.6890	0.1157	0.0658	0.1137
04:07	0.7048	0.0827	0.0556	0.1027
04:08	0.7446	0.0898	0.0354	0.1257
04:09	0.7167	0.1071	0.0340	0.1121
04:10	0.6942	0.1166	0.0610	0.1176
04:11	0.6742	0.0934	0.0650	0.1211
04:12	0.6347	0.1020	0.0468	0.0953
04:13	0.6923	0.1040	0.0414	0.0894
04:14	0.7086	0.0768	0.0453	0.1057
04:15	0.5437	0.1478	0.0896	0.0933
04:16	0.6105	0.1182	0.1012	0.0978
04:17	0.2898	0.1712	0.1525	0.0901
04:18	0.2954	0.2853	0.2210	0.0909
04:19	0.3126	0.1952	0.1743	0.1043
04:20	0.5079	0.1728	0.1295	0.1120
04:21	0.4885	0.1793	0.1197	0.1059
04:22	0.3456	0.2169	0.1514	0.1143
04:23	0.4524	0.1748	0.1206	0.1330
04:24	0.6522	0.1172	0.0649	0.1063
04:25	0.6924	0.1190	0.0536	0.1220
04:26	0.7059	0.0876	0.0573	0.1225
04:27	0.6441	0.1182	0.0719	0.1142
04:28	0.4818	0.1619	0.1252	0.1262
04:29	0.5506	0.1750	0.0944	0.1240
04:30	0.5081	0.1894	0.1073	0.1053
04:31	0.5582	0.1758	0.1025	0.1303
04:32	0.5491	0.1114	0.0878	0.1192
04:33	0.3928	0.1919	0.1297	0.1114
04:34	0.3404	0.2246	0.1706	0.1383
04:35	0.3177	0.2390	0.1792	0.1036
04:36	0.4735	0.1819	0.1055	0.1030
04:37	0.4297	0.1757	0.1375	0.1144
04:38	0.2740	0.2105	0.1979	0.1067
04:39	0.2813	0.2472	0.1953	0.1147
04:40	0.3038	0.2559	0.1937	0.1297
04:41	0.2753	0.2091	0.1923	0.1304
04:42	0.2795	0.1630	0.1538	0.1293
04:43	0.2906	0.2137	0.1672	0.1253
04:44	0.2895	0.2103	0.1738	0.1260
04:45	0.2831	0.2269	0.1919	0.1193
04:46	0.3690	0.1546	0.1145	0.1133
04:47	0.3454	0.1889	0.1283	0.1348
04:48	0.3862	0.1312	0.0999	0.1216
04:49	0.4273	0.1616	0.0975	0.1274
04:50	0.4385	0.1379	0.1165	0.1388
04:51	0.4358	0.2241	0.1282	0.1563
04:52	0.3954	0.1425	0.1124	0.1345
04:53	0.4659	0.1412	0.0732	0.1284
04:54	0.5932	0.1394	0.0521	0.1380
04:55	0.5985	0.1720	0.0918	0.1504
04:56	0.5535	0.1400	0.0839	0.1365
04:57	0.6368	0.1030	0.0575	0.1578
04:58	0.6437	0.0963	0.0511	0.1582
04:59	0.6343	0.0876	0.0329	0.1495
05:00	0.6453	0.0483	0.0320	0.1692
05:01	0.6323	0.1151	0.0489	0.1230
05:02	0.6428	0.0799	0.0136	0.1424
05:03	0.6546	0.0559	0.0259	0.1513
05:04	0.5291	0.1181	0.0420	0.1418
05:05	0.4735	0.1182	0.0460	0.1384
05:06	0.4097	0.1252	0.0764	0.1465
05:07	0.3668	0.1744	0.1002	0.1251
05:08	0.4589	0.1467	0.0886	0.1168
05:09	0.5505	0.0857	0.0584	0.1186
05:10	0.5914	0.1205	0.0484	0.1264
05:11	0.5112	0.1531	0.0453	0.1491
05:12	0.4281	0.1927	0.0961	0.1485
05:13	0.3543	0.2129	0.1332	0.1290
05:14	0.3923	0.2149	0.1674	0.1159
05:15	0.3877	0.2078	0.1583	0.1225
05:16	0.3782	0.2734	0.1736	0.1046
05:17	0.4121	0.1969	0.2004	0.0982
05:18	0.4374	0.2757	0.2318	0.1385
05:19	0.4147	0.2649	0.2269	0.1109
05:20	0.4529	0.2859	0.2405	0.1077
05:21	0.4452	0.2714	0.2696	0.0950
05:22	0.4310	0.3243	0.2500	0.1147
05:23	0.4268	0.2842	0.2490	0.0991
05:24	0.4428	0.2985	0.2703	0.1046
05:25	0.4568	0.3262	0.3060	0.1001
05:26	0.4718	0.3506	0.3340	0.0831
05:27	0.5018	0.3562	0.3574	0.0844
05:28	0.4866	0.3983	0.3526	0.0960
05:29	0.4806	0.3926	0.3436	0.0842
05:30	0.4891	0.3945	0.3654	0.0920
05:31	0.4931	0.3720	0.3352	0.0970
05:32	0.4932	0.3426	0.3550	0.1006
05:33	0.5042	0.3651	0.3745	0.1204
05:34	0.4860	0.3726	0.3656	0.1051
05:35	0.4813	0.3667	0.3473	0.0964
05:36	0.4903	0.3324	0.3357	0.0820
05:37	0.4803	0.3606	0.3477	0.0889
05:38	0.4760	0.3820	0.3572	0.1205
05:39	0.5055	0.3551	0.3419	0.0979
05:40	0.4749	0.3693	0.3312	0.1077
05:41	0.4680	0.3190	0.3354	0.1028
05:42	0.4855	0.3425	0.3500	0.1137
05:43	0.4554	0.3323	0.3016	0.0973
05:44	0.4455	0.3316	0.3017	0.1008
05:45	0.4638	0.3047	0.3077	0.1143
05:46	0.4827	0.3457	0.2887	0.1189
05:47	0.4728	0.2990	0.2847	0.1221
05:48	0.4765	0.3005	0.2810	0.1290
05:49	0.4729	0.3125	0.2839	0.1255
05:50	0.4799	0.2948	0.2599	0.1292
05:51	0.5004	0.3030	0.2736	0.1416
05:52	0.4725	0.3024	0.2353	0.1360
05:53	0.5046	0.2781	0.2467	0.1287
05:54	0.4937	0.3073	0.2471	0.1416
05:55	0.4908	0.2889	0.2278	0.1456
05:56	0.4801	0.2623	0.2254	0.1555
05:57	0.4931	0.2195	0.2260	0.1717
05:58	0.4849	0.2267	0.2312	0.1694
05:59	0.4730	0.2329	0.1889	0.1691
06:00	0.4581	0.2207	0.1685	0.1718
06:01	0.4905	0.1877	0.1661	0.2161
06:02	0.5041	0.2063	0.1645	0.1790
06:03	0.4887	0.2233	0.1466	0.2160
06:04	0.4893	0.1753	0.1404	0.2243
06:05	0.4842	0.1704	0.1225	0.2290
06:06	0.4776	0.1811	0.1494	0.2465
06:07	0.5098	0.1973	0.1385	0.2493
06:08	0.4888	0.1520	0.1275	0.2420
06:09	0.4645	0.1804	0.1302	0.2298
06:10	0.4832	0.1716	0.1223	0.2464
06:11	0.4539	0.1768	0.1139	0.2263
06:12	0.4806	0.1607	0.1075	0.2519
06:13	0.4584	0.1142	0.0801	0.2238
06:14	0.4754	0.1446	0.0962	0.2327
06:15	0.4787	0.1651	0.0901	0.2685
06:16	0.4494	0.0689	0.0681	0.2661
06:17	0.5161	0.0920	0.0236	0.2445
06:18	0.4987	0.1543	0.0795	0.2688
06:19	0.4816	0.1093	0.0509	0.2586
06:20	0.4680	0.1657	0.1086	0.2726
06:21	0.4734	0.1517	0.1055	0.2724
06:22	0.4826	0.1479	0.0952	0.2394
06:23	0.4801	0.1396	0.0950	0.2544
06:24	0.5292	0.1996	0.1443	0.2877
06:25	0.5344	0.2255	0.1915	0.3194
06:26	0.5448	0.2413	0.1860	0.3091
06:27	0.5403	0.1558	0.1429	0.2990
06:28	0.5345	0.1766	0.1189	0.2724
06:29	0.5174	0.1143	0.0979	0.2811
06:30	0.5101	0.1720	0.1106	0.2754
06:31	0.5371	0.2024	0.1255	0.2824
06:32	0.5301	0.1892	0.1247	0.2916
06:33	0.5384	0.1795	0.1238	0.2742
06:34	0.5258	0.1973	0.1256	0.2866
06:35	0.5538	0.2420	0.1570	0.3198
06:36	0.5680	0.2476	0.1645	0.3463
06:37	0.5145	0.1516	0.0918	0.2608
06:38	0.5455	0.1963	0.0968	0.2549
06:39	0.5628	0.2123	0.1571	0.2738
06:40	0.5684	0.2163	0.1372	0.2683
06:41	0.5725	0.1981	0.1103	0.2601
06:42	0.5750	0.1680	0.1137	0.2804
06:43	0.5629	0.2197	0.1090	0.2828
06:44	0.5497	0.1480	0.1067	0.2946
06:45	0.5713	0.2003	0.1212	0.3283
06:46	0.5708	0.2065	0.1277	0.3285
06:47	0.5808	0.2091	0.1125	0.3116
06:48	0.5608	0.1503	0.0649	0.3216
06:49	0.5192	0.1176	0.0809	0.2916
06:50	0.5346	0.1983	0.1168	0.2996
06:51	0.5429	0.1575	0.1062	0.3082
06:52	0.5458	0.1718	0.1102	0.2566
06:53	0.5698	0.1965	0.1163	0.3003
06:54	0.5858	0.2438	0.1614	0.2888
06:55	0.6007	0.2462	0.1712	0.2595
06:56	0.5927	0.2213	0.2070	0.2621
06:57	0.6069	0.2583	0.1868	0.2567
06:58	0.6112	0.2632	0.2152	0.2439
06:59	0.6063	0.2565	0.2376	0.2263
07:00	0.6241	0.3184	0.2430	0.2434
07:01	0.6055	0.3253	0.2729	0.2122
07:02	0.6613	0.3998	0.3327	0.2221
07:03	0.6669	0.4183	0.3816	0.1993
07:04	0.6777	0.4584	0.3910	0.1906
07:05	0.6927	0.4489	0.4040	0.1860
07:06	0.7170	0.3993	0.3950	0.1972
07:07	0.7012	0.4320	0.3699	0.2154
07:08	0.7145	0.4084	0.3860	0.2073
07:09	0.7038	0.4849	0.4215	0.2035
07:10	0.7061	0.4876	0.4284	0.1934
07:11	0.7099	0.4575	0.4264	0.1825
07:12	0.7248	0.5171	0.4602	0.1832
07:13	0.7474	0.4906	0.4509	0.1751
07:14	0.7452	0.4853	0.4649	0.1762
07:15	0.7555	0.4973	0.4606	0.1632
07:16	0.7824	0.5339	0.4914	0.1825
07:17	0.8317	0.5633	0.5073	0.1985
07:18	0.7790	0.5366	0.5044	0.1884
07:19	0.7700	0.5414	0.4893	0.1957
07:20	0.7770	0.5242	0.4994	0.1976
07:21	0.8050	0.5540	0.5012	0.2181
07:22	0.8290	0.5265	0.4915	0.2122
07:23	0.8088	0.5239	0.5006	0.2078
07:24	0.8273	0.5677	0.5390	0.2219
07:25	0.8321	0.5391	0.5134	0.2281
07:26	0.8388	0.5138	0.5144	0.2301
07:27	0.8445	0.5304	0.4959	0.2260
07:28	0.8309	0.5044	0.4940	0.2616
07:29	0.8273	0.4135	0.4187	0.3072
07:30	0.8076	0.3417	0.3602	0.3590
07:31	0.8024	0.4165	0.3867	0.2960
07:32	0.8283	0.4659	0.4601	0.3141
07:33	0.8117	0.4387	0.4319	0.3053
07:34	0.8228	0.4823	0.4309	0.3131
07:35	0.8209	0.4214	0.4153	0.3024
07:36	0.8032	0.4467	0.4152	0.2990
07:37	0.7808	0.3768	0.3772	0.2952
07:38	0.8054	0.4133	0.3689	0.3019
07:39	0.7929	0.4210	0.3769	0.3058
07:40	0.7935	0.3977	0.3959	0.2983
07:41	0.8065	0.4271	0.3992	0.3144
07:42	0.8045	0.4174	0.4073	0.3035
07:43	0.8207	0.4051	0.3928	0.3121
07:44	0.8258	0.4181	0.3950	0.3109
07:45	0.8319	0.4259	0.4207	0.2652
07:46	0.8135	0.4742	0.4309	0.2217
07:47	0.8689	0.4442	0.4573	0.2301
07:48	0.8934	0.4667	0.4816	0.2477
07:49	0.8857	0.4827	0.4641	0.2852
07:50	0.8927	0.4890	0.4505	0.2803
07:51	0.8831	0.3730	0.3707	0.3174
07:52	0.8724	0.3529	0.3088	0.3294
07:53	0.8689	0.3511	0.3075	0.3376
07:54	0.9003	0.3793	0.3423	0.3304
07:55	0.9170	0.3901	0.3324	0.3372
07:56	0.9331	0.3343	0.2858	0.3535
07:57	0.9289	0.3005	0.2713	0.3491
07:58	0.9553	0.3282	0.3363	0.3509
07:59	0.9297	0.3639	0.3015	0.3471
08:00	0.9160	0.3252	0.3022	0.3611
08:01	0.9386	0.4274	0.3320	0.3741
08:02	0.9607	0.3918	0.3524	0.3588
08:03	0.9381	0.4055	0.3830	0.3506
08:04	0.9419	0.4260	0.3853	0.3273
08:05	0.8999	0.4131	0.3884	0.3272
08:06	0.8988	0.4159	0.3870	0.3627
08:07	0.8553	0.3732	0.3597	0.3359
08:08	0.8621	0.4207	0.3873	0.3359
08:09	0.8983	0.4338	0.4196	0.3157
08:10	0.9023	0.5124	0.4300	0.2728
08:11	0.9151	0.4827	0.4238	0.2172
08:12	0.9350	0.4508	0.4216	0.2321
08:13	0.9275	0.4738	0.4415	0.2671
08:14	0.9446	0.5324	0.4615	0.3029
08:15	0.9420	0.5137	0.4691	0.3664
08:16	0.9344	0.4374	0.4225	0.3745
08:17	0.9063	0.4455	0.3875	0.3968
08:18	0.9184	0.4106	0.3656	0.4102
08:19	0.9309	0.4126	0.3837	0.4086
08:20	0.9291	0.4568	0.3967	0.4239
08:21	0.9022	0.4641	0.4168	0.3919
08:22	0.9141	0.3912	0.3595	0.4267
08:23	0.9162	0.4597	0.4075	0.4131
08:24	0.9293	0.5155	0.4503	0.3815
08:25	0.9361	0.4692	0.4541	0.3847
08:26	0.9529	0.4852	0.4612	0.4165
08:27	0.9541	0.5096	0.4516	0.4115
08:28	0.9584	0.5068	0.4544	0.4335
08:29	0.9364	0.4864	0.4324	0.4472
08:30	0.9322	0.4947	0.4071	0.4371
08:31	0.9368	0.4583	0.4687	0.4457
08:32	0.9351	0.5380	0.5106	0.4127
08:33	0.9260	0.4842	0.4611	0.4204
08:34	0.9421	0.4788	0.4354	0.4614
08:35	0.9356	0.4140	0.4152	0.4407
08:36	0.9102	0.4604	0.4402	0.4150
08:37	0.9415	0.5089	0.4797	0.3372
08:38	0.9500	0.5450	0.4990	0.3107
08:39	0.9918	0.5897	0.5139	0.3226
08:40	0.9700	0.5371	0.4739	0.2949
08:41	0.9907	0.5467	0.4990	0.3078
08:42	0.9696	0.5217	0.4771	0.3249
08:43	0.9818	0.5130	0.4822	0.3546
08:44	0.9668	0.4870	0.4650	0.3853
08:45	0.9617	0.4858	0.4465	0.4342
08:46	0.9312	0.3926	0.3497	0.5181
08:47	0.9300	0.4015	0.3246	0.5209
08:48	0.8522	0.1854	0.1405	0.6053
08:49	0.8628	0.0768	0.0270	0.6210
08:50	0.9232	0.1676	0.0879	0.5803
08:51	0.8852	0.3723	0.3175	0.5417
08:52	0.8853	0.3248	0.3141	0.5337
08:53	0.9060	0.3650	0.3206	0.5443
08:54	0.9158	0.3562	0.3492	0.5231
08:55	0.9335	0.4695	0.4406	0.4855
08:56	0.9243	0.4636	0.4470	0.4618
08:57	0.9449	0.5262	0.4883	0.4851
08:58	0.9547	0.4816	0.4880	0.4619
08:59	0.9401	0.4942	0.4430	0.4656
09:00	0.9312	0.5016	0.4708	0.4636
09:01	0.9332	0.5120	0.4838	0.4103
09:02	0.9041	0.3848	0.3522	0.4810
09:03	0.8762	0.3781	0.3079	0.4973
09:04	0.8328	0.3754	0.3535	0.4576
09:05	0.8761	0.4777	0.4547	0.3794
09:06	0.9218	0.5538	0.4808	0.3428
09:07	0.8944	0.5112	0.4983	0.3751
09:08	0.8916	0.5196	0.5108	0.3958
09:09	0.8836	0.5390	0.5128	0.3623
09:10	0.8854	0.4927	0.4722	0.3097
09:11	0.8884	0.4994	0.4539	0.3010
09:12	0.8949	0.4349	0.4149	0.2632
09:13	0.9004	0.5001	0.4693	0.2660
09:14	0.9382	0.4987	0.4970	0.3328
09:15	0.9423	0.5252	0.4917	0.3405
09:16	0.9293	0.4448	0.4522	0.3075
09:17	0.9525	0.5845	0.4922	0.3137
09:18	0.9456	0.4999	0.5213	0.3536
09:19	0.9732	0.4847	0.4820	0.3274
09:20	0.9670	0.4997	0.5116	0.3410
09:21	0.9570	0.5188	0.4806	0.4219
09:22	0.9192	0.3717	0.3668	0.5315
09:23	0.8988	0.3146	0.2830	0.6281
09:24	0.9155	0.3509	0.3401	0.5642
09:25	0.9673	0.5049	0.5232	0.4479
09:26	0.9429	0.5097	0.5161	0.3820
09:27	0.9675	0.5584	0.4893	0.3740
09:28	0.9454	0.5393	0.5179	0.3956
09:29	0.9516	0.5503	0.4872	0.3489
09:30	0.9054	0.5132	0.4801	0.3167
09:31	0.9769	0.4646	0.4662	0.3216
09:32	0.9391	0.4567	0.4476	0.3232
09:33	1.0330	0.3624	0.3913	0.2992
09:34	1.0325	0.4625	0.4187	0.3027
09:35	1.0460	0.3999	0.4130	0.2757
09:36	1.0512	0.4161	0.4083	0.2673
09:37	1.0639	0.4518	0.4112	0.2679
09:38	1.0991	0.4349	0.4054	0.2686
09:39	1.1035	0.4785	0.4928	0.3244
09:40	1.1228	0.5120	0.5257	0.4006
09:41	1.1342	0.5683	0.5599	0.4636
09:42	1.1668	0.5559	0.5578	0.4433
09:43	1.1849	0.5943	0.5619	0.4622
09:44	1.1775	0.5917	0.5859	0.5011
09:45	1.1864	0.6423	0.6301	0.5225
09:46	1.2073	0.6487	0.6319	0.5611
09:47	1.2194	0.5616	0.6150	0.5527
09:48	1.2323	0.6246	0.6169	0.5363
09:49	1.2089	0.6401	0.6281	0.5458
09:50	1.1807	0.5878	0.5962	0.5190
09:51	1.1568	0.6117	0.5938	0.4822
09:52	1.1739	0.6083	0.6067	0.5006
09:53	1.1521	0.6094	0.5735	0.4932
09:54	1.1686	0.5811	0.5562	0.4902
09:55	1.1617	0.5313	0.5453	0.4618
09:56	1.1502	0.5910	0.5528	0.4720
09:57	1.1551	0.5798	0.5474	0.4757
09:58	1.1684	0.5467	0.5572	0.4722
09:59	1.1425	0.5613	0.5697	0.4669
10:00	1.1750	0.5226	0.5262	0.4456
10:01	1.1577	0.5547	0.5494	0.4333
10:02	1.1068	0.5647	0.5482	0.4397
10:03	1.1104	0.5248	0.5189	0.4248
10:04	1.0746	0.5223	0.4855	0.3993
10:05	1.0813	0.5060	0.4639	0.4045
10:06	1.1054	0.4474	0.4655	0.3838
10:07	1.0873	0.4785	0.4236	0.3708
10:08	1.0903	0.3521	0.3995	0.3646
10:09	1.1074	0.4849	0.4378	0.3642
10:10	1.0888	0.4285	0.4177	0.3296
10:11	1.0915	0.4891	0.5173	0.3653
10:12	1.0948	0.5875	0.5666	0.3797
10:13	1.0901	0.5399	0.5266	0.3563
10:14	1.0531	0.4787	0.4466	0.3374
10:15	1.0932	0.4562	0.4692	0.3569
10:16	1.0565	0.5250	0.5330	0.4038
10:17	1.0234	0.5648	0.5521	0.3927
10:18	1.0412	0.4550	0.4389	0.3205
10:19	1.1445	0.3607	0.3236	0.3139
10:20	1.1841	0.3564	0.3326	0.3203
10:21	1.1832	0.4664	0.4785	0.4009
10:22	1.1701	0.5402	0.5262	0.3877
10:23	1.2036	0.6332	0.6593	0.4526
10:24	1.3314	0.6099	0.6521	0.4012
10:25	1.2981	0.6854	0.6251	0.4300
10:26	1.0821	0.7710	0.8019	0.4397
10:27	0.8907	0.8830	0.9210	0.4530
10:28	0.7567	0.8396	0.8989	0.4153
10:29	0.9779	0.7684	0.7973	0.3841
10:30	1.1522	0.6996	0.7209	0.3826
10:31	1.1638	0.7601	0.7570	0.3915
10:32	1.1233	0.7525	0.7771	0.3881
10:33	1.0872	0.6865	0.7162	0.3500
10:34	1.1458	0.6502	0.7097	0.3630
10:35	1.1781	0.6324	0.5940	0.3216
10:36	1.1747	0.7748	0.7388	0.3750
10:37	1.1793	0.6804	0.6968	0.3758
10:38	1.2303	0.6408	0.6263	0.3349
10:39	1.0404	0.7427	0.7541	0.3891
10:40	0.9927	0.7069	0.7579	0.3704
10:41	1.0356	0.7561	0.7821	0.4142
10:42	0.8683	0.8563	0.8875	0.4814
10:43	1.1647	0.6871	0.6741	0.3957
10:44	1.1117	0.6638	0.6714	0.4035
10:45	1.0349	0.8325	0.8370	0.4114
10:46	1.1484	0.6813	0.7023	0.3576
10:47	1.1537	0.6397	0.6812	0.3607
10:48	1.2647	0.6775	0.6345	0.3608
10:49	1.2822	0.6267	0.6306	0.3287
10:50	1.2096	0.6986	0.6839	0.3588
10:51	1.2729	0.6179	0.5733	0.3345
10:52	1.2942	0.5427	0.5249	0.3264
10:53	1.2258	0.5322	0.5456	0.3211
10:54	1.2194	0.6655	0.6486	0.3669
10:55	1.0912	0.7388	0.7262	0.4016
10:56	1.2068	0.6886	0.6505	0.3674
10:57	1.0539	0.8012	0.8180	0.4189
10:58	0.9108	0.9060	0.8984	0.4790
10:59	0.9548	0.8074	0.8435	0.4558
11:00	1.0193	0.8011	0.8397	0.4652
11:01	0.8388	0.8544	0.8795	0.4536
11:02	0.8482	0.7809	0.7728	0.3747
11:03	0.8351	0.8179	0.8302	0.3583
11:04	0.7613	0.7359	0.7160	0.2930
11:05	0.7177	0.7877	0.7779	0.3023
11:06	0.7460	0.7492	0.7031	0.3321
11:07	0.5932	0.7608	0.7744	0.3195
11:08	0.7492	0.7507	0.7721	0.3382
11:09	0.8127	0.6216	0.6166	0.2688
11:10	0.8784	0.6030	0.6102	0.2515
11:11	1.0000	0.6046	0.6129	0.2462
11:12	0.8110	0.7497	0.7507	0.2994
11:13	0.7415	0.7288	0.7687	0.3334
11:14	0.8000	0.7538	0.7476	0.3265
11:15	0.9562	0.6544	0.6629	0.2892
11:16	0.8693	0.6863	0.6846	0.3118
11:17	0.7882	0.6627	0.6578	0.2799
11:18	0.8691	0.6743	0.7006	0.3246
11:19	0.9133	0.7377	0.7673	0.3281
11:20	1.0212	0.6564	0.6429	0.2949
11:21	0.8622	0.6856	0.7010	0.3123
11:22	0.9216	0.7459	0.7773	0.3299
11:23	0.9716	0.7451	0.7250	0.3276
11:24	1.0437	0.6926	0.6434	0.2998
11:25	0.9371	0.7075	0.7146	0.2974
11:26	0.8566	0.8930	0.9108	0.3595
11:27	0.6019	0.9071	0.9661	0.3802
11:28	0.6176	0.8711	0.8978	0.3382
11:29	0.6133	0.8642	0.8959	0.3402
11:30	0.6387	0.8742	0.8582	0.3364
11:31	0.5865	0.8300	0.8447	0.3363
11:32	0.5947	0.7713	0.8167	0.3519
11:33	0.6029	0.7427	0.7799	0.3357
11:34	0.6360	0.7648	0.8082	0.3592
11:35	0.5943	0.8187	0.8265	0.3694
11:36	0.6133	0.8318	0.8383	0.3850
11:37	0.7319	0.8542	0.8697	0.3969
11:38	0.6982	0.8612	0.8507	0.3881
11:39	0.8371	0.8222	0.8429	0.3922
11:40	1.2182	0.7049	0.7114	0.3885
11:41	1.4585	0.6444	0.5963	0.3417
11:42	1.2908	0.6361	0.6483	0.3767
11:43	0.8888	0.7730	0.7588	0.3650
11:44	1.5082	0.6124	0.6051	0.3453
11:45	1.4400	0.5559	0.5581	0.3215
11:46	1.1598	0.7117	0.7397	0.4013
11:47	1.0902	0.7435	0.7532	0.4292
11:48	1.0094	0.8827	0.8731	0.5389
11:49	1.0168	0.9051	0.9215	0.5692
11:50	0.8228	1.0042	1.0385	0.6327
11:51	0.7369	1.0148	1.0190	0.6676
11:52	0.8423	0.9647	0.9998	0.6544
11:53	1.0848	0.8444	0.8617	0.5547
11:54	1.1951	0.8125	0.7908	0.5089
11:55	0.9607	0.9676	1.0013	0.6110
11:56	0.8971	0.9821	1.0290	0.6126
11:57	0.8275	0.9340	0.9875	0.6021
11:58	0.8791	0.9732	1.0228	0.5703
11:59	0.7432	0.8392	0.8852	0.5303
12:00	0.9283	0.8220	0.7963	0.4763
12:01	0.8305	0.9014	0.8962	0.5058
12:02	0.7262	0.8038	0.8467	0.4934
12:03	0.6736	0.7829	0.8059	0.4862
12:04	0.7924	0.6499	0.6941	0.4216
12:05	1.0892	0.7163	0.7182	0.4441
12:06	0.9473	0.7396	0.7725	0.4655
12:07	0.9340	0.8496	0.8567	0.4682
12:08	1.1315	0.7209	0.7503	0.4249
12:09	1.0216	0.8058	0.8174	0.4948
12:10	0.9255	0.8085	0.8498	0.4984
12:11	0.9332	0.7441	0.7648	0.4626
12:12	1.0700	0.6482	0.7394	0.4449
12:13	1.1152	0.7288	0.7770	0.4741
12:14	1.2529	0.7578	0.7693	0.4817
12:15	1.1769	0.7569	0.7587	0.5003
12:16	1.2556	0.6915	0.7094	0.4631
12:17	1.0148	0.8072	0.8424	0.4963
12:18	1.0085	0.8649	0.9090	0.5178
12:19	1.1447	0.8334	0.8341	0.4809
12:20	1.0680	0.8162	0.8362	0.4745
12:21	1.0490	0.8979	0.8720	0.4937
12:22	1.0181	0.8054	0.8780	0.4809
12:23	1.0197	0.8677	0.8962	0.5296
12:24	0.9264	0.9001	0.9283	0.5516
12:25	0.9869	0.8873	0.9243	0.5357
12:26	0.9497	0.8701	0.9043	0.5394
12:27	0.8597	0.8838	0.9201	0.5592
12:28	0.8684	0.7671	0.8233	0.5069
12:29	1.0164	0.8531	0.8383	0.5309
12:30	0.9333	0.8049	0.8261	0.5362
12:31	1.1543	0.8181	0.8580	0.5412
12:32	1.1057	0.8082	0.9159	0.5284
12:33	0.9808	0.8510	0.8998	0.5171
12:34	1.0496	0.8600	0.8728	0.5488
12:35	0.9404	0.9036	0.9325	0.5305
12:36	0.9947	0.8624	0.8834	0.5158
12:37	1.0136	0.8182	0.8596	0.5082
12:38	0.7920	0.9050	0.9590	0.5822
12:39	0.8440	0.8862	0.9342	0.5954
12:40	0.8287	0.9248	0.9586	0.5625
12:41	0.8101	0.8618	0.9225	0.5640
12:42	0.7629	0.9074	0.9633	0.5731
12:43	0.8740	0.9655	0.9728	0.5083
12:44	0.9083	0.8746	0.8658	0.4774
12:45	0.8578	0.8291	0.8744	0.4954
12:46	0.8307	0.8652	0.8764	0.4386
12:47	0.8435	0.8510	0.8872	0.4235
12:48	0.8347	0.7947	0.8429	0.4149
12:49	0.8314	0.8815	0.8781	0.4209
12:50	0.7757	0.8577	0.9142	0.4476
12:51	0.7964	0.8758	0.9322	0.4350
12:52	0.7309	0.8436	0.9087	0.4081
12:53	0.6727	0.8558	0.8811	0.3917
12:54	0.7404	0.8563	0.8996	0.4504
12:55	0.9346	0.8414	0.8591	0.4485
12:56	0.9642	0.8325	0.8745	0.4546
12:57	0.9686	0.9382	0.9577	0.5208
12:58	0.7550	0.9342	0.9881	0.5019
12:59	0.7435	0.9481	0.9706	0.4906
13:00	0.7105	0.9167	0.9457	0.4939
13:01	0.6986	0.9265	0.9364	0.4393
13:02	0.8150	0.8945	0.9444	0.4372
13:03	0.7733	0.9845	0.9387	0.4286
13:04	0.7530	0.9276	0.9685	0.4349
13:05	0.7821	0.9740	0.9882	0.4450
13:06	0.7594	0.9555	1.0227	0.5022
13:07	0.7693	0.9923	1.0092	0.5085
13:08	0.8793	0.9659	0.9961	0.4953
13:09	0.9224	0.9375	0.9853	0.4958
13:10	1.0981	0.8660	0.8987	0.4707
13:11	0.8870	0.9464	0.9910	0.4599
13:12	1.0005	0.8531	0.8803	0.4251
13:13	0.9879	0.8225	0.8738	0.4101
13:14	0.9610	0.8476	0.8490	0.4000
13:15	0.9858	0.8395	0.8951	0.4288
13:16	0.9564	0.8737	0.8910	0.4183
13:17	0.9295	0.8566	0.9018	0.4310
13:18	0.8417	0.8346	0.8745	0.4147
13:19	0.7967	0.8954	0.9470	0.4384
13:20	0.7809	0.9131	0.9333	0.4210
13:21	0.7867	0.8441	0.8758	0.3980
13:22	0.8107	0.8188	0.8443	0.3685
13:23	0.8278	0.7560	0.8033	0.3663
13:24	0.8343	0.7688	0.7939	0.3398
13:25	0.8517	0.7916	0.8202	0.3916
13:26	0.8801	0.8518	0.8836	0.4236
13:27	0.9713	0.7812	0.8590	0.4082
13:28	0.8767	0.9017	0.9351	0.4154
13:29	0.8957	0.8032	0.9247	0.4500
13:30	0.8344	0.8702	0.9759	0.4560
13:31	0.7757	0.8032	0.8755	0.4138
13:32	0.8033	0.8374	0.8796	0.4286
13:33	0.8789	0.7916	0.8436	0.4192
13:34	0.8476	0.8865	0.9090	0.4452
13:35	0.8303	0.8164	0.9047	0.4590
13:36	0.8441	0.9058	0.9552	0.5054
13:37	0.8674	0.8831	0.9682	0.4971
13:38	0.8326	0.9783	1.0380	0.5015
13:39	0.7730	0.9462	0.9896	0.4848
13:40	0.7937	0.9492	0.9169	0.4728
13:41	0.7617	0.9512	1.0232	0.4852
13:42	0.7120	0.9644	1.0399	0.5371
13:43	0.6949	0.9622	1.0392	0.5176
13:44	0.7051	0.8814	0.9430	0.4486
13:45	0.7566	0.8343	0.8818	0.4305
13:46	0.7846	0.8295	0.8794	0.4270
13:47	0.7657	0.8864	0.9128	0.4391
13:48	0.7954	0.9401	0.9709	0.4676
13:49	0.7994	0.9413	0.9616	0.4797
13:50	0.8417	0.9176	1.0015	0.4814
13:51	0.7837	0.9643	1.0139	0.4767
13:52	0.6794	0.9254	0.9765	0.4586
13:53	0.6691	0.8688	0.9912	0.4475
13:54	0.7359	0.8893	0.9291	0.4385
13:55	0.7172	0.8483	0.9130	0.4193
13:56	0.7053	0.9341	0.9614	0.4618
13:57	0.7718	0.9273	0.9725	0.4499
13:58	0.8292	0.8986	0.9627	0.4402
13:59	0.7921	0.9427	0.9853	0.4757
14:00	0.8069	0.9111	0.9615	0.4657
14:01	0.7870	0.9889	1.0361	0.4802
14:02	0.7900	1.0217	1.0288	0.5039
14:03	0.7783	0.9610	1.0509	0.5140
14:04	0.7306	0.9088	1.0072	0.4858
14:05	0.7421	0.9357	0.9798	0.4730
14:06	0.7677	0.9378	1.0373	0.4802
14:07	0.7468	0.9466	1.0029	0.4699
14:08	0.7629	0.9967	1.0167	0.4661
14:09	0.7656	1.0071	1.0484	0.5054
14:10	0.7567	0.9861	1.0787	0.5312
14:11	0.7107	0.9815	1.0753	0.5178
14:12	0.7592	1.0221	1.0962	0.5306
14:13	0.7157	1.0518	1.0913	0.5022
14:14	0.6512	1.0141	1.0873	0.4787
14:15	0.6150	1.0031	1.0532	0.4797
14:16	0.6553	0.9845	1.0767	0.4740
14:17	0.6225	0.9613	1.0689	0.4760
14:18	0.6538	1.0210	1.0532	0.4641
14:19	0.6653	0.9862	1.0280	0.4541
14:20	0.6570	0.9755	1.0583	0.4440
14:21	0.6823	0.9379	1.0345	0.4543
14:22	0.7594	0.9901	1.0187	0.4492
14:23	0.8050	0.9368	1.0197	0.4505
14:24	0.8083	0.9214	1.0057	0.4564
14:25	0.8295	0.9557	1.0104	0.4710
14:26	0.8323	0.9720	1.0243	0.5050
14:27	0.9295	0.9177	1.0213	0.5300
14:28	0.9714	0.9917	1.0007	0.5207
14:29	0.9887	1.0827	1.0604	0.5843
14:30	0.9461	1.1108	1.2230	0.6815
14:31	0.9124	1.1885	1.2107	0.6681
14:32	0.8348	1.1024	1.1891	0.6225
14:33	0.8259	1.0178	1.0856	0.5481
14:34	0.8271	1.0326	1.1003	0.5502
14:35	0.8591	1.0165	1.0918	0.5739
14:36	0.7746	1.0057	1.0526	0.5222
14:37	0.8276	0.9810	1.0907	0.5456
14:38	0.7688	1.0305	1.1279	0.5657
14:39	0.7709	1.0976	1.1419	0.5648
14:40	0.7147	1.0513	1.1395	0.5456
14:41	0.7714	1.0735	1.1280	0.5543
14:42	0.7168	1.1305	1.2236	0.6186
14:43	0.7185	1.2100	1.2737	0.6476
14:44	0.7335	1.1733	1.2704	0.6392
14:45	0.6984	1.1702	1.2484	0.6143
14:46	0.6720	1.1277	1.2190	0.5795
14:47	0.7102	1.0856	1.2016	0.5636
14:48	0.8111	1.1448	1.2113	0.5651
14:49	0.7872	1.1211	1.1811	0.5619
14:50	0.8011	1.1938	1.2718	0.6180
14:51	0.6920	1.2251	1.3242	0.6393
14:52	0.7712	1.3079	1.3519	0.6451
14:53	0.7968	1.2689	1.3074	0.6450
14:54	0.8260	1.2215	1.3024	0.6368
14:55	0.7690	1.2479	1.3484	0.6723
14:56	0.7134	1.2310	1.3485	0.6448
14:57	0.7438	1.2526	1.3654	0.6600
14:58	0.7293	1.2640	1.3258	0.6263
14:59	0.7188	1.2188	1.3028	0.5994
15:00	0.6588	1.2301	1.2572	0.5515
15:01	0.6936	1.1597	1.2303	0.5443
15:02	0.6525	1.2113	1.2446	0.5736
15:03	0.6568	1.1440	1.2338	0.5386
15:04	0.6758	1.1923	1.2500	0.5770
15:05	0.6699	1.2474	1.2649	0.5707
15:06	0.6641	1.1569	1.2371	0.5428
15:07	0.6572	1.1591	1.2234	0.5138
15:08	0.6663	1.1570	1.1998	0.5232
15:09	0.6451	1.1221	1.2007	0.5142
15:10	0.6580	1.1214	1.2097	0.5179
15:11	0.6488	1.1056	1.1692	0.5009
15:12	0.7940	1.1076	1.1337	0.4877
15:13	0.8491	1.0169	1.0714	0.4506
15:14	0.8313	1.0843	1.1228	0.5134
15:15	0.7568	1.1381	1.2109	0.5412
15:16	0.7777	1.1611	1.2302	0.5749
15:17	0.8822	1.1362	1.2517	0.6248
15:18	0.8467	1.2125	1.2412	0.5911
15:19	0.8137	1.2624	1.2818	0.6216
15:20	0.7318	1.2112	1.2938	0.6253
15:21	0.7162	1.2154	1.2968	0.6058
15:22	0.7441	1.1691	1.2520	0.5678
15:23	0.7681	1.1879	1.2453	0.5551
15:24	0.8540	1.1160	1.2242	0.5759
15:25	0.9142	1.0684	1.2097	0.5710
15:26	0.7358	1.2138	1.2877	0.6159
15:27	0.7775	1.2957	1.3240	0.6316
15:28	0.7779	1.2825	1.3480	0.6447
15:29	0.7965	1.2156	1.3222	0.6656
15:30	0.8160	1.3431	1.4231	0.6730
15:31	0.7349	1.3045	1.3790	0.6266
15:32	0.7173	1.2667	1.3625	0.6298
15:33	0.7512	1.2880	1.4073	0.6507
15:34	0.7059	1.3310	1.4053	0.6558
15:35	0.6416	1.3027	1.3715	0.5764
15:36	0.7090	1.3568	1.4112	0.6130
15:37	0.6745	1.3776	1.4633	0.6228
15:38	0.5942	1.3650	1.4449	0.6275
15:39	0.5957	1.4034	1.4620	0.6238
15:40	0.5650	1.3724	1.4553	0.5982
15:41	0.6805	1.3734	1.4353	0.5852
15:42	0.7311	1.3234	1.4286	0.5800
15:43	0.8010	1.3520	1.4370	0.6030
15:44	0.7579	1.3475	1.4692	0.5973
15:45	0.7482	1.4252	1.4693	0.6024
15:46	0.7502	1.3761	1.5034	0.6213
15:47	0.7041	1.4388	1.5701	0.6413
15:48	0.7038	1.5470	1.6292	0.7109
15:49	0.6740	1.4890	1.6492	0.6860
15:50	0.7050	1.5121	1.6264	0.6948
15:51	0.7092	1.5953	1.6759	0.7144
15:52	0.7162	1.5303	1.6668	0.7129
15:53	0.7256	1.5044	1.6329	0.6732
15:54	0.7502	1.5750	1.7036	0.6963
15:55	0.7309	1.5556	1.6505	0.6709
15:56	0.6452	1.4500	1.6060	0.6251
15:57	0.7889	1.5310	1.6708	0.6833
15:58	0.9043	1.5501	1.6437	0.6681
15:59	0.8410	1.5025	1.6530	0.6778
16:00	0.8141	1.5056	1.6800	0.6870
16:01	0.7519	1.4960	1.6138	0.6132
16:02	0.7339	1.4919	1.6378	0.6297
16:03	0.6584	1.5664	1.6572	0.6285
16:04	0.7332	1.5947	1.6840	0.6937
16:05	0.7419	1.5107	1.6452	0.6530
16:06	0.6630	1.4266	1.5487	0.5528
16:07	0.6755	1.4073	1.5370	0.5230
16:08	0.7316	1.4700	1.5807	0.5578
16:09	0.7196	1.4417	1.5628	0.5483
16:10	0.7309	1.4592	1.5718	0.5276
16:11	0.7809	1.3911	1.5187	0.5201
16:12	0.8043	1.3603	1.5359	0.5418
16:13	0.7696	1.4766	1.5332	0.5373
16:14	0.8015	1.4306	1.5235	0.5262
16:15	0.8444	1.4227	1.5289	0.5406
16:16	0.8245	1.4131	1.5400	0.5465
16:17	0.7843	1.4165	1.5287	0.5427
16:18	0.7278	1.4581	1.5454	0.5619
16:19	0.7010	1.4591	1.5681	0.5587
16:20	0.7715	1.4404	1.5532	0.5516
16:21	0.6952	1.4093	1.5570	0.5650
16:22	0.7409	1.4758	1.5681	0.5776
16:23	0.7061	1.4250	1.5263	0.5232
16:24	0.6702	1.4406	1.5842	0.5412
16:25	0.6539	1.4941	1.6053	0.5575
16:26	0.6462	1.4725	1.5948	0.5471
16:27	0.6995	1.4720	1.5687	0.5343
16:28	0.7717	1.4739	1.5768	0.5557
16:29	0.7506	1.4949	1.6048	0.5716
16:30	0.6780	1.5472	1.6195	0.5833
16:31	0.6535	1.5469	1.6454	0.5892
16:32	0.7072	1.5716	1.6728	0.6132
16:33	0.7060	1.5575	1.6616	0.5982
16:34	0.7541	1.5747	1.6592	0.6085
16:35	0.6897	1.5111	1.6739	0.6126
16:36	0.6513	1.6061	1.7026	0.5892
16:37	0.6469	1.5391	1.6794	0.5916
16:38	0.6346	1.5824	1.6859	0.6008
16:39	0.6474	1.5779	1.7058	0.5981
16:40	0.6572	1.6239	1.7281	0.6020
16:41	0.6621	1.6429	1.7409	0.6262
16:42	0.6710	1.6292	1.7410	0.6540
16:43	0.6752	1.6411	1.7469	0.6361
16:44	0.6448	1.6154	1.7561	0.6298
16:45	0.6612	1.6528	1.7857	0.6297
16:46	0.6701	1.6387	1.8047	0.6912
16:47	0.6882	1.6966	1.8293	0.6882
16:48	0.6747	1.7358	1.8188	0.6866
16:49	0.6431	1.7274	1.7934	0.6635
16:50	0.6215	1.6366	1.7705	0.6395
16:51	0.5979	1.6357	1.7279	0.5919
16:52	0.6048	1.6222	1.7796	0.6109
16:53	0.6549	1.6473	1.7947	0.6345
16:54	0.5867	1.6357	1.7470	0.5830
16:55	0.5871	1.5400	1.7198	0.5215
16:56	0.6035	1.5105	1.7093	0.5277
16:57	0.5867	1.5489	1.6652	0.5068
16:58	0.6132	1.6268	1.7725	0.6382
16:59	0.6257	1.6011	1.7253	0.5759
17:00	0.9138	1.6528	1.7913	0.6864
17:01	1.0308	1.5736	1.6537	0.5898
17:02	1.1550	1.2600	1.3884	0.6267
17:03	1.3387	0.8088	0.8412	0.6858
17:04	1.3643	0.7705	0.7989	0.7237
17:05	1.3392	0.8110	0.8516	0.6761
17:06	1.3246	0.7726	0.8093	0.6988
17:07	1.3284	0.8377	0.8268	0.7343
17:08	1.3575	0.8050	0.7860	0.8749
17:09	1.4042	0.5029	0.4649	0.9748
17:10	1.4233	0.5051	0.5261	1.0181
17:11	1.3930	0.4918	0.5051	0.9578
17:12	1.4033	0.4618	0.4794	0.9078
17:13	1.3380	0.3021	0.3443	0.7791
17:14	1.4966	0.5830	0.6072	1.0214
17:15	1.4828	0.7066	0.6525	1.0738
17:16	1.4060	0.5956	0.6207	0.9683
17:17	1.2318	0.7617	0.7739	0.8888
17:18	1.0834	0.8727	0.8902	0.7565
17:19	1.0054	0.9195	0.9587	0.6941
17:20	0.9757	0.9756	0.9854	0.7453
17:21	0.8050	1.1992	1.2640	1.0459
17:22	0.8578	1.4012	1.4788	1.1900
17:23	1.0557	1.6816	1.8105	0.9068
17:24	0.9853	1.5292	1.5656	0.6059
17:25	0.9188	1.3185	1.4143	0.4750
17:26	0.9276	1.2852	1.3690	0.4403
17:27	0.8607	1.3532	1.4086	0.4427
17:28	0.7875	1.4441	1.5288	0.4558
17:29	0.8419	1.3409	1.4006	0.4023
17:30	0.8265	1.2430	1.3542	0.3733
17:31	0.8212	1.4078	1.4597	0.4104
17:32	0.8327	1.3635	1.4117	0.3950
17:33	0.8804	1.3808	1.4516	0.4504
17:34	0.8381	1.3735	1.4502	0.4097
17:35	0.8015	1.3024	1.3870	0.3602
17:36	0.8841	1.3713	1.4246	0.4471
17:37	0.8822	1.3291	1.3585	0.4209
17:38	0.9549	1.3502	1.3985	0.4743
17:39	0.8971	1.2649	1.3291	0.3850
17:40	0.9410	1.2829	1.3861	0.4423
17:41	1.0319	1.5409	1.6181	0.6688
17:42	1.0517	1.4665	1.5951	0.6428
17:43	0.9759	1.4990	1.5752	0.5878
17:44	0.9787	1.3291	1.4977	0.5300
17:45	1.0051	1.5240	1.6293	0.6692
17:46	1.0576	1.5808	1.6819	0.7092
17:47	1.0238	1.5688	1.6689	0.6996
17:48	0.9866	1.3403	1.4800	0.5046
17:49	0.8742	1.3215	1.4274	0.4137
17:50	0.8629	1.2876	1.3912	0.3581
17:51	0.9284	1.2991	1.4212	0.3951
17:52	0.9503	1.3317	1.4287	0.4260
17:53	0.8845	1.2071	1.3604	0.3578
17:54	0.8902	1.2492	1.3174	0.3345
17:55	0.9232	1.3546	1.4052	0.3950
17:56	0.9733	1.3501	1.4645	0.4532
17:57	0.9732	1.4027	1.4895	0.4985
17:58	0.9492	1.3199	1.4356	0.4463
17:59	0.9861	1.2986	1.4643	0.4773
18:00	1.0288	1.4258	1.5545	0.5673
18:01	1.0280	1.3912	1.5148	0.5461
18:02	0.9355	1.2075	1.3271	0.3782
18:03	0.8982	1.2300	1.2812	0.3425
18:04	0.9715	1.2294	1.3245	0.3601
18:05	0.9557	1.3356	1.4089	0.4514
18:06	0.9111	1.2676	1.3265	0.3615
18:07	0.8984	1.2631	1.3259	0.3958
18:08	0.9093	1.2175	1.2957	0.3252
18:09	0.8953	1.2070	1.3036	0.3204
18:10	0.8961	1.2636	1.3112	0.2987
18:11	0.8584	1.2066	1.2996	0.2839
18:12	0.8921	1.2267	1.3021	0.2994
18:13	0.8537	1.1981	1.2712	0.2480
18:14	0.8723	1.2075	1.3000	0.2718
18:15	0.8792	1.2244	1.3275	0.2859
18:16	0.9201	1.2727	1.3560	0.3355
18:17	0.9271	1.2387	1.3378	0.3698
18:18	0.9016	1.2608	1.3605	0.3410
18:19	0.9619	1.3129	1.4022	0.4029
18:20	0.9840	1.3331	1.4433	0.4343
18:21	1.0270	1.4694	1.5651	0.5377
18:22	1.1391	1.6686	1.7601	0.7971
18:23	1.1323	1.6284	1.7652	0.8083
18:24	1.0939	1.5629	1.6805	0.7310
18:25	1.1917	1.7279	1.8994	0.9987
18:26	1.3418	1.9684	2.1749	1.3146
18:27	1.5097	2.3148	2.5952	1.7947
18:28	1.5973	2.4117	2.7221	1.9680
18:29	1.7416	2.7186	3.1137	2.3083
18:30	1.7893	2.7657	3.1774	2.3984
18:31	1.8925	2.5901	2.9923	2.4333
18:32	2.1375	3.1490	4.0079	3.2844
18:33	2.7374	3.6904	5.2528	4.7264
18:34	2.8877	3.7772	5.5247	5.1543
18:35	2.9988	3.9037	6.2060	5.7234
18:36	3.7797	4.0918	8.3171	7.9008
18:37	4.7032	4.1453	10.7666	10.2254
18:38	5.7561	4.1278	12.6758	12.2253
18:39	7.1488	4.1194	14.9917	14.7877
18:40	7.9453	4.1931	16.3357	16.4827
18:41	8.6863	4.1574	16.6285	17.7092
18:42	8.4156	4.1231	16.7854	18.0905
18:43	7.9537	4.1577	16.7178	17.6156
18:44	7.5571	4.1173	16.5514	17.3424
18:45	7.0391	4.1650	16.2373	16.4845
18:46	6.1861	4.1145	14.4412	14.0996
18:47	5.8578	4.0979	13.6068	13.0941
18:48	7.2591	4.1802	15.9641	16.1229
18:49	8.3918	4.1049	16.7799	18.0276
18:50	9.3748	4.0911	16.9825	19.6910
18:51	9.6555	4.1357	16.9903	20.1107
18:52	9.7791	4.1287	17.0594	20.2384
18:53	9.8858	4.0503	17.0320	20.4853
18:54	8.3744	4.0522	16.9146	18.5124
18:55	8.3131	4.1328	16.9089	18.6191
18:56	7.8898	4.2455	16.6691	17.8046
18:57	6.2683	4.2544	14.8925	14.6289
18:58	6.1199	4.2321	14.7906	14.4512
18:59	6.7862	4.1253	16.0710	16.2097
19:00	5.6774	4.2348	14.2621	13.9748
19:01	4.6517	4.1931	12.2132	11.8221
19:02	4.1064	4.1997	11.0716	10.6157
19:03	4.1864	4.1814	11.3206	10.8943
19:04	4.4915	4.1633	12.0844	11.5906
19:05	4.1019	4.1290	11.1503	10.4936
19:06	3.3512	4.1583	9.5067	8.8421
19:07	2.5262	4.0998	7.7537	7.0830
19:08	2.0117	3.9793	6.6340	6.0011
19:09	1.6683	3.8548	5.6638	5.1083
19:10	1.5476	3.6864	5.2857	4.7603
19:11	1.4657	3.6148	5.0351	4.5246
19:12	1.3482	3.5697	4.7690	4.1896
19:13	1.1572	3.3730	4.3730	3.8082
19:14	1.0638	3.3488	4.0840	3.5364
19:15	0.9956	3.2690	3.8684	3.3185
19:16	0.8590	3.0601	3.5905	3.0408
19:17	0.7478	2.7557	3.1774	2.6383
19:18	0.5053	2.4744	2.7447	2.1498
19:19	0.4734	2.2522	2.5315	1.9504
19:20	0.3718	2.0630	2.2774	1.6808
19:21	0.3562	1.9788	2.1572	1.5364
19:22	0.3046	1.9211	2.0602	1.4410
19:23	0.2572	1.8381	1.9565	1.3375
19:24	0.2378	1.7237	1.8534	1.2076
19:25	0.1989	1.7077	1.8252	1.1444
19:26	0.2305	1.6454	1.7709	1.0930
19:27	0.2087	1.5895	1.7351	1.0548
19:28	0.2062	1.6024	1.7275	1.0411
19:29	0.2047	1.6015	1.7106	1.0097
19:30	0.1804	1.5330	1.7081	0.9821
19:31	0.1810	1.5561	1.6749	0.9707
19:32	0.1728	1.5310	1.6406	0.9421
19:33	0.1948	1.5022	1.6182	0.9191
19:34	0.1903	1.5637	1.6295	0.9302
19:35	0.1978	1.4891	1.6475	0.9368
19:36	0.1476	1.4898	1.6232	0.9002
19:37	0.1884	1.4995	1.6152	0.8903
19:38	0.1522	1.5016	1.5912	0.8695
19:39	0.1418	1.4126	1.5406	0.8372
19:40	0.1472	1.4108	1.5248	0.8317
19:41	0.1311	1.4006	1.5071	0.8130
19:42	0.1110	1.3604	1.4811	0.7806
19:43	0.1118	1.3606	1.4620	0.7645
19:44	0.1329	1.3699	1.4537	0.7348
19:45	0.0931	1.3405	1.3870	0.6820
19:46	0.0973	1.3185	1.4242	0.6890
19:47	0.0681	1.3009	1.4032	0.6919
19:48	0.0717	1.3449	1.3919	0.6711
19:49	0.0711	1.3845	1.4179	0.6901
19:50	0.0652	1.3314	1.3959	0.6567
19:51	0.0889	1.3022	1.4079	0.6610
19:52	0.1057	1.3154	1.3989	0.6531
19:53	0.0852	1.3134	1.3767	0.6363
19:54	0.1159	1.3013	1.3682	0.6553
19:55	0.1049	1.2864	1.3654	0.6244
19:56	0.0749	1.2710	1.3591	0.6070
19:57	0.0834	1.3180	1.3285	0.5936
19:58	0.0554	1.2317	1.3015	0.5553
19:59	0.0351	1.1781	1.2908	0.5506
20:00	0.0547	1.2315	1.2880	0.5397
20:01	0.0337	1.1844	1.2671	0.5230
20:02	0.0436	1.2190	1.2497	0.5114
20:03	0.0517	1.2162	1.2505	0.5057
20:04	0.0551	1.1523	1.2343	0.4757
20:05	0.0435	1.1698	1.2591	0.4778
20:06	0.0315	1.1808	1.2108	0.4455
20:07	0.0623	1.1627	1.2235	0.4594
20:08	0.0415	1.1834	1.2030	0.4256
20:09	0.0379	1.1182	1.1958	0.4383
20:10	0.0487	1.1315	1.1934	0.4117
20:11	0.0614	1.0804	1.2089	0.4180
20:12	0.0374	1.0603	1.1911	0.4040
20:13	0.0589	1.0994	1.1685	0.4013
20:14	0.0262	1.1306	1.1664	0.3917
20:15	0.0410	1.1060	1.1582	0.3856
20:16	0.0340	1.0856	1.1458	0.3660
20:17	0.0230	1.0648	1.1384	0.3471
20:18	0.0177	1.1016	1.1407	0.3556
20:19	0.0159	1.0927	1.1580	0.3579
20:20	0.0404	1.0519	1.1726	0.3598
20:21	0.0078	1.1097	1.1074	0.3255
20:22	0.0069	1.0592	1.1297	0.3293
20:23	0.0124	1.1146	1.1463	0.3395
20:24	0.0037	1.0652	1.1217	0.3384
20:25	0.0025	1.0334	1.1379	0.3330
20:26	0.0033	1.0978	1.1142	0.2908
20:27	0.0034	1.0732	1.1481	0.3087
20:28	0.0026	1.0581	1.1313	0.3239
20:29	0.0006	1.0850	1.1304	0.3265
20:30	0.0067	1.1075	1.1476	0.3245
20:31	0.0000	1.0495	1.1393	0.3200
20:32	0.0032	1.0705	1.1330	0.3113
20:33	0.0106	1.0660	1.1477	0.3196
20:34	0.0049	1.0885	1.1487	0.3076
20:35	0.0118	1.1194	1.1728	0.3442
20:36	0.0274	1.1090	1.1610	0.3410
20:37	0.0019	1.0088	1.1310	0.2943
20:38	0.0013	1.0823	1.1471	0.3300
20:39	0.0041	0.9814	1.1009	0.2973
20:40	0.0015	1.0820	1.1430	0.3121
20:41	0.0190	1.0929	1.1377	0.3240
20:42	0.0277	1.1166	1.1801	0.3344
20:43	0.0267	1.1199	1.1783	0.3602
20:44	0.0359	1.1117	1.1928	0.3740
20:45	0.0348	1.1082	1.1621	0.3333
20:46	0.0293	1.0624	1.1295	0.3172
20:47	0.0166	1.0409	1.1293	0.2954
20:48	0.0470	1.1198	1.1972	0.3536
20:49	0.0631	1.1961	1.2648	0.4283
20:50	0.0563	1.1428	1.2260	0.3859
20:51	0.1277	1.2776	1.3462	0.5166
20:52	0.0331	1.1218	1.2182	0.3895
20:53	0.0178	1.1141	1.1390	0.3076
20:54	0.0378	1.1621	1.2034	0.3722
20:55	0.1581	1.3372	1.4687	0.6404
20:56	0.1941	1.4651	1.5437	0.7172
20:57	0.1768	1.3642	1.4448	0.5814
20:58	0.2423	1.4638	1.6159	0.7791
20:59	0.1245	1.2561	1.3437	0.5101
21:00	0.1236	1.2435	1.3165	0.4823
21:01	0.0593	1.2402	1.2651	0.4022
21:02	0.0586	1.1654	1.2490	0.4117
21:03	0.0582	1.1369	1.1889	0.3593
21:04	0.0671	1.0764	1.1827	0.3593
21:05	0.0645	1.1577	1.2300	0.3728
21:06	0.1001	1.1433	1.2845	0.4533
21:07	0.1170	1.2191	1.2821	0.4586
21:08	0.0873	1.1566	1.2556	0.4294
21:09	0.0593	1.1206	1.1771	0.3405
21:10	0.0646	1.0519	1.1454	0.3105
21:11	0.0793	1.1715	1.1604	0.3457
21:12	0.0397	1.0557	1.0848	0.2619
21:13	0.0492	1.0525	1.1043	0.2794
21:14	0.0443	1.0388	1.1026	0.2646
21:15	0.0659	1.0461	1.1155	0.2789
21:16	0.0821	1.0813	1.1248	0.2976
21:17	0.0888	1.0648	1.1169	0.2952
21:18	0.0586	1.0538	1.1147	0.2891
21:19	0.0796	1.1244	1.1193	0.2904
21:20	0.0572	1.0545	1.1017	0.2624
21:21	0.0735	1.0307	1.1021	0.2746
21:22	0.0859	1.0778	1.1059	0.2867
21:23	0.0756	1.0406	1.0971	0.2821
21:24	0.0919	1.0785	1.0978	0.2842
21:25	0.0753	1.0312	1.0897	0.2659
21:26	0.1222	1.0890	1.1643	0.3286
21:27	0.1223	1.0304	1.1177	0.3250
21:28	0.1120	0.9851	1.0851	0.3010
21:29	0.1366	1.0914	1.1006	0.2884
21:30	0.1611	1.1059	1.1719	0.3569
21:31	0.1396	1.0586	1.0963	0.3247
21:32	0.0811	1.0057	1.0418	0.2539
21:33	0.1051	0.9926	1.0563	0.2604
21:34	0.1253	0.9758	1.0817	0.2793
21:35	0.1040	1.0365	1.0562	0.2684
21:36	0.1084	0.9823	1.0621	0.2621
21:37	0.1206	0.9848	1.0822	0.2926
21:38	0.1161	1.0268	1.0801	0.2887
21:39	0.0983	0.9939	1.0392	0.2492
21:40	0.1188	1.0273	1.0504	0.2592
21:41	0.1308	1.0161	1.0602	0.2666
21:42	0.1084	1.0312	1.0514	0.2654
21:43	0.1255	0.9439	1.0484	0.2576
21:44	0.1116	0.9634	1.0144	0.2364
21:45	0.1208	0.9699	1.0250	0.2539
21:46	0.1557	0.9707	1.0271	0.2431
21:47	0.1329	1.0024	1.0369	0.2521
21:48	0.1452	0.9787	1.0528	0.2569
21:49	0.1532	1.0684	1.0711	0.2761
21:50	0.1735	1.0016	1.0701	0.2952
21:51	0.1526	0.9907	1.0705	0.2836
21:52	0.1622	0.9798	1.0351	0.2723
21:53	0.1511	0.9755	1.0359	0.2588
21:54	0.1335	0.9591	1.0135	0.2515
21:55	0.1783	1.0359	1.0920	0.3038
21:56	0.1512	0.9806	1.0675	0.2899
21:57	0.1425	0.9777	1.0235	0.2627
21:58	0.1436	0.9568	1.0125	0.2289
21:59	0.1426	0.9602	1.0244	0.2460
22:00	0.1390	1.0000	1.0114	0.2419
22:01	0.1239	0.9421	1.0049	0.2391
22:02	0.1483	0.9633	1.0146	0.2482
22:03	0.1744	0.9406	1.0079	0.2299
22:04	0.1318	0.9724	1.0134	0.2414
22:05	0.1451	0.9809	1.0155	0.2375
22:06	0.1346	0.9370	0.9768	0.2126
22:07	0.1367	0.9663	0.9981	0.2202
22:08	0.1550	1.0009	0.9923	0.2330
22:09	0.1507	0.9663	1.0016	0.2280
22:10	0.1395	0.9327	0.9778	0.2134
22:11	0.1659	1.0093	1.0196	0.2408
22:12	0.1851	1.0401	1.0207	0.2621
22:13	0.1716	0.9818	1.0196	0.2407
22:14	0.1765	0.9139	1.0105	0.2436
22:15	0.1823	0.9302	1.0247	0.2477
22:16	0.1535	1.0048	1.0111	0.2437
22:17	0.1622	0.9633	0.9935	0.2268
22:18	0.1737	0.9244	0.9719	0.2254
22:19	0.1854	0.9290	1.0058	0.2398
22:20	0.1613	0.9156	0.9827	0.2358
22:21	0.1973	0.9687	1.0056	0.2423
22:22	0.1692	0.9925	0.9812	0.2325
22:23	0.1873	0.9649	0.9964	0.2401
22:24	0.1867	0.9284	0.9870	0.2208
22:25	0.1651	0.9155	0.9712	0.2304
22:26	0.1917	0.9256	0.9836	0.2398
22:27	0.1904	0.9766	1.0024	0.2329
22:28	0.1999	0.9557	0.9806	0.2224
22:29	0.1931	0.9434	0.9976	0.2286
22:30	0.1952	0.9502	0.9931	0.2261
22:31	0.2058	0.9926	1.0147	0.2366
22:32	0.2149	0.9569	1.0083	0.2006
22:33	0.2182	0.9477	0.9957	0.2124
22:34	0.2080	0.9132	0.9635	0.2144
22:35	0.2262	0.9358	0.9654	0.2338
22:36	0.2139	0.9374	0.9681	0.2206
22:37	0.2072	0.8926	0.9680	0.2125
22:38	0.2049	0.9258	0.9712	0.2284
22:39	0.2105	0.9226	0.9692	0.2286
22:40	0.2012	0.9308	0.9333	0.2068
22:41	0.2196	0.9383	0.9866	0.2258
22:42	0.1984	0.9053	0.9767	0.2195
22:43	0.2054	0.8828	0.9723	0.2229
22:44	0.1999	0.9503	0.9700	0.2085
22:45	0.1828	0.9275	0.9675	0.2103
22:46	0.1927	0.9215	0.9453	0.2051
22:47	0.1916	0.8999	0.9555	0.2229
22:48	0.1942	0.8972	0.9677	0.2131
22:49	0.2343	0.9644	1.0223	0.2577
22:50	0.2307	0.9914	1.0226	0.2583
22:51	0.2090	0.9492	0.9620	0.2171
22:52	0.2411	0.9470	0.9803	0.2438
22:53	0.1940	0.8716	0.9163	0.1799
22:54	0.1995	0.8868	0.9545	0.2068
22:55	0.1894	0.8894	0.9513	0.2131
22:56	0.1907	0.9166	0.9603	0.2133
22:57	0.1911	0.8992	0.9650	0.2227
22:58	0.2070	0.9008	0.9427	0.2051
22:59	0.2142	0.9317	0.9693	0.2352
23:00	0.2218	0.9652	0.9659	0.2238
23:01	0.1938	0.9245	0.9469	0.2159
23:02	0.1991	0.9036	0.9505	0.2223
23:03	0.2256	0.9293	0.9581	0.2135
23:04	0.2247	0.8911	0.9425	0.1990
23:05	0.1906	0.8997	0.9418	0.2035
23:06	0.2100	0.9471	0.9541	0.2265
23:07	0.2071	0.9172	0.9471	0.2236
23:08	0.2090	0.9278	0.9396	0.2080
23:09	0.2060	0.8758	0.9498	0.1983
23:10	0.2108	0.9109	0.9466	0.2118
23:11	0.2110	0.8921	0.9446	0.2286
23:12	0.2057	0.8880	0.9100	0.2106
23:13	0.2256	0.8932	0.9456	0.2084
23:14	0.2202	0.9088	0.9296	0.2108
23:15	0.2184	0.8514	0.9224	0.1918
23:16	0.2389	0.8840	0.9423	0.1964
23:17	0.2335	0.8749	0.9280	0.2032
23:18	0.2188	0.9095	0.9442	0.2147
23:19	0.2213	0.9444	0.9444	0.2205
23:20	0.2192	0.9153	0.9453	0.2208
23:21	0.2178	0.9373	0.9324	0.2055
23:22	0.2357	0.9719	0.9484	0.2205
23:23	0.2612	0.9033	0.9605	0.2212
23:24	0.2389	0.9101	0.9449	0.2170
23:25	0.2380	0.9065	0.9434	0.2201
23:26	0.2403	0.8996	0.9365	0.2254
23:27	0.2255	0.8836	0.9297	0.2145
23:28	0.2239	0.9073	0.9297	0.2150
23:29	0.2094	0.9276	0.9238	0.2099
23:30	0.2193	0.9141	0.9061	0.1954
23:31	0.2276	0.8637	0.9386	0.1895
23:32	0.2247	0.9361	0.9152	0.1818
23:33	0.2382	0.9408	0.9389	0.2135
23:34	0.2496	0.9074	0.9083	0.2018
23:35	0.2192	0.9175	0.9431	0.2164
23:36	0.2434	0.8924	0.9156	0.1993
23:37	0.2312	0.9329	0.9437	0.2272
23:38	0.2482	0.9301	0.9246	0.2303
23:39	0.2781	0.9289	0.9389	0.2102
23:40	0.2636	0.8974	0.9245	0.2172
23:41	0.2537	0.9233	0.8985	0.1862
23:42	0.2392	0.9144	0.9328	0.2054
23:43	0.2424	0.9277	0.9257	0.1916
23:44	0.2657	0.9519	0.9315	0.2070
23:45	0.2900	0.9126	0.9277	0.2024
23:46	0.2849	0.9721	0.9514	0.2124
23:47	0.2775	0.9571	0.9454	0.2067
23:48	0.2777	0.9301	0.9463	0.2068
23:49	0.2730	0.8681	0.9260	0.1885
23:50	0.2869	0.9194	0.9205	0.2009
23:51	0.2768	0.9192	0.9254	0.2089
23:52	0.2829	0.8892	0.9090	0.2003
23:53	0.3090	0.9268	0.9229	0.2176
23:54	0.2920	0.8672	0.9018	0.2090
23:55	0.2882	0.8704	0.9064	0.1931
23:56	0.2715	0.9341	0.9186	0.1946
23:57	0.2636	0.8770	0.9023	0.1859
23:58	0.2663	0.9303	0.9186	0.2055
23:59	0.2881	0.8840	0.8974	0.2097
