Minute	Att_Channel-1	Att_Channel-2	Att_Channel-3	Att_Channel-4
00:00	1.2750	3.3801	3.8217	3.3987
00:01	1.2407	3.3917	3.7255	3.3067
00:02	1.1337	3.2010	3.5018	3.1004
00:03	1.0535	3.0143	3.3264	2.9442
00:04	1.0346	2.9597	3.2466	2.8624
00:05	1.0120	2.9079	3.2133	2.8402
00:06	1.0027	2.9024	3.2138	2.8331
00:07	0.9738	2.9126	3.2102	2.8326
00:08	0.9461	2.9390	3.1846	2.8315
00:09	0.9139	2.8405	3.0871	2.7122
00:10	0.8796	2.7473	3.0067	2.6383
00:11	0.8112	2.5891	2.8654	2.5070
00:12	0.7182	2.4606	2.6788	2.2989
00:13	0.6578	2.2921	2.5267	2.1508
00:14	0.6439	2.2536	2.4556	2.0809
00:15	0.6078	2.2096	2.3510	1.9564
00:16	0.5643	2.1255	2.2953	1.9095
00:17	0.5302	2.1407	2.2278	1.8345
00:18	0.5290	2.0240	2.1807	1.7731
00:19	0.5065	2.0594	2.1768	1.7379
00:20	0.4969	1.9406	2.1175	1.7007
00:21	0.4985	1.9636	2.1254	1.6853
00:22	0.5165	2.0143	2.1833	1.7172
00:23	0.5667	1.9978	2.1978	1.7531
00:24	0.5423	2.0701	2.1740	1.7309
00:25	0.5817	2.0739	2.2397	1.8168
00:26	0.6329	2.1334	2.3103	1.9189
00:27	0.6378	2.1837	2.3647	1.9784
00:28	0.6701	2.2226	2.3897	2.0359
00:29	0.6692	2.2774	2.4886	2.1044
00:30	0.6604	2.2882	2.4458	2.0406
00:31	0.5985	2.1459	2.3160	1.9392
00:32	0.5361	2.0116	2.1605	1.7719
00:33	0.4925	1.8441	2.0211	1.6287
00:34	0.4239	1.7804	1.8883	1.4936
00:35	0.3792	1.7217	1.8081	1.3832
00:36	0.3638	1.6521	1.7622	1.3354
00:37	0.3596	1.6137	1.7386	1.3206
00:38	0.3446	1.5623	1.6775	1.2557
00:39	0.3247	1.5310	1.6750	1.2250
00:40	0.3057	1.4524	1.6182	1.1810
00:41	0.3370	1.4671	1.6084	1.1828
00:42	0.2666	1.4505	1.5336	1.1088
00:43	0.2777	1.3720	1.5152	1.0670
00:44	0.2752	1.4190	1.5199	1.0700
00:45	0.2730	1.4051	1.5195	1.0514
00:46	0.2594	1.3447	1.4626	1.0160
00:47	0.2205	1.3174	1.3748	0.9283
00:48	0.2003	1.2608	1.3043	0.8666
00:49	0.2317	1.2445	1.3425	0.9077
00:50	0.2122	1.2202	1.3337	0.8716
00:51	0.2041	1.1805	1.3086	0.8768
00:52	0.1716	1.1774	1.2754	0.8214
00:53	0.1882	1.2080	1.2986	0.8396
00:54	0.2025	1.2014	1.3090	0.8662
00:55	0.1993	1.2108	1.3174	0.8753
00:56	0.1873	1.1922	1.2622	0.8539
00:57	0.1837	1.1860	1.2603	0.8305
00:58	0.1905	1.1917	1.2508	0.8271
00:59	0.1692	1.1431	1.2348	0.8356
01:00	0.1561	1.1167	1.2265	0.7913
01:01	0.1442	1.1571	1.2060	0.7589
01:02	0.1364	1.0619	1.1733	0.7451
01:03	0.1438	1.0833	1.1536	0.7214
01:04	0.1275	1.0673	1.1334	0.7086
01:05	0.1161	1.0290	1.1308	0.7034
01:06	0.1477	1.0048	1.1373	0.6866
01:07	0.1231	1.0629	1.1223	0.6667
01:08	0.1294	1.0279	1.1143	0.6541
01:09	0.1108	1.0455	1.0978	0.6592
01:10	0.1132	0.9780	1.0987	0.6361
01:11	0.0928	0.9570	1.0473	0.5892
01:12	0.1103	0.9282	1.0390	0.6041
01:13	0.0652	0.9162	1.0178	0.5769
01:14	0.0822	0.9431	1.0064	0.5646
01:15	0.0954	0.9013	1.0000	0.5515
01:16	0.0779	0.9048	0.9934	0.5396
01:17	0.0791	0.8774	0.9719	0.5516
01:18	0.0943	0.9235	0.9957	0.5617
01:19	0.1151	0.9800	1.0379	0.6155
01:20	0.1346	0.9798	1.0604	0.6367
01:21	0.1428	0.9982	1.0665	0.6482
01:22	0.1314	1.0289	1.0679	0.6567
01:23	0.1657	1.0366	1.1184	0.6795
01:24	0.1709	1.1030	1.1631	0.7335
01:25	0.1516	1.0755	1.1252	0.6941
01:26	0.1645	1.0592	1.1103	0.6910
01:27	0.1123	0.9986	1.0352	0.6014
01:28	0.0958	0.9809	1.0214	0.5990
01:29	0.1212	0.9681	1.0448	0.6234
01:30	0.1101	0.9772	1.0083	0.6049
01:31	0.0997	0.9616	1.0093	0.5763
01:32	0.0961	0.9412	0.9840	0.5675
01:33	0.1003	0.9402	0.9994	0.5960
01:34	0.1275	0.9851	1.0340	0.6179
01:35	0.1539	1.0082	1.0372	0.6276
01:36	0.1549	0.9967	1.0516	0.6441
01:37	0.1272	0.9385	0.9864	0.5825
01:38	0.1173	0.9458	0.9862	0.5856
01:39	0.1059	0.9015	0.9616	0.5571
01:40	0.0911	0.9399	0.9633	0.5528
01:41	0.1006	0.8962	0.9433	0.5513
01:42	0.1189	0.9038	0.9661	0.5698
01:43	0.1108	0.9244	0.9742	0.5788
01:44	0.1196	0.9707	1.0120	0.6064
01:45	0.1518	0.9677	1.0215	0.6244
01:46	0.1553	1.0014	1.0262	0.6260
01:47	0.1547	0.9559	1.0291	0.6374
01:48	0.1470	0.9711	0.9921	0.5884
01:49	0.1383	0.9516	0.9819	0.5950
01:50	0.1282	0.9243	1.0015	0.6032
01:51	0.1278	0.9878	1.0022	0.6121
01:52	0.1443	1.0138	1.0295	0.6258
01:53	0.1577	1.0147	1.0217	0.6485
01:54	0.1452	1.0181	1.0180	0.6273
01:55	0.1129	0.9231	0.9658	0.6041
01:56	0.1597	0.9891	1.0218	0.6391
01:57	0.1433	0.9572	0.9877	0.6270
01:58	0.1679	0.9843	1.0291	0.6589
01:59	0.1593	1.0019	1.0389	0.6578
02:00	0.1437	0.9925	1.0425	0.6631
02:01	0.1492	0.9422	1.0133	0.6367
02:02	0.1561	0.8874	0.9505	0.5924
02:03	0.1283	0.9130	0.9586	0.5694
02:04	0.1050	0.8640	0.8872	0.5309
02:05	0.0953	0.8552	0.8894	0.5014
02:06	0.0900	0.7954	0.8519	0.4826
02:07	0.0837	0.7935	0.8400	0.4689
02:08	0.0963	0.8390	0.8562	0.4802
02:09	0.0987	0.8125	0.8402	0.4734
02:10	0.0936	0.7892	0.8161	0.4533
02:11	0.0885	0.7701	0.8297	0.4638
02:12	0.0974	0.7741	0.7964	0.4481
02:13	0.0631	0.7935	0.7763	0.4133
02:14	0.0590	0.7872	0.7734	0.4093
02:15	0.0538	0.7483	0.7686	0.4034
02:16	0.0608	0.7115	0.7376	0.3851
02:17	0.0571	0.7520	0.7252	0.3702
02:18	0.0652	0.6785	0.7455	0.4001
02:19	0.0823	0.7422	0.7533	0.3951
02:20	0.0677	0.7279	0.7189	0.3807
02:21	0.0701	0.7223	0.7552	0.3996
02:22	0.0960	0.7479	0.7761	0.4236
02:23	0.1119	0.7382	0.7624	0.4158
02:24	0.0686	0.7210	0.7323	0.3741
02:25	0.1031	0.7315	0.7497	0.4224
02:26	0.1196	0.7782	0.8011	0.4614
02:27	0.1363	0.7830	0.8496	0.5118
02:28	0.1385	0.8295	0.8551	0.5109
02:29	0.1432	0.7402	0.8358	0.4959
02:30	0.1353	0.8158	0.8409	0.5080
02:31	0.1382	0.7931	0.8231	0.4943
02:32	0.1149	0.7606	0.8052	0.4795
02:33	0.1448	0.7692	0.8302	0.5045
02:34	0.1542	0.7858	0.8308	0.5109
02:35	0.1415	0.8104	0.8493	0.5352
02:36	0.1451	0.8009	0.8708	0.5442
02:37	0.1513	0.7971	0.8572	0.5228
02:38	0.1676	0.8050	0.8663	0.5762
02:39	0.1610	0.8353	0.9065	0.5997
02:40	0.1790	0.9068	0.9077	0.6062
02:41	0.1766	0.8893	0.9184	0.6068
02:42	0.1680	0.8541	0.8989	0.5849
02:43	0.1370	0.8488	0.8711	0.5572
02:44	0.1859	0.8943	0.9087	0.6101
02:45	0.1762	0.9151	0.9479	0.6555
02:46	0.1869	0.8800	0.9345	0.6478
02:47	0.2211	0.9396	0.9864	0.6924
02:48	0.1852	0.9302	0.9444	0.6519
02:49	0.1831	0.8697	0.8817	0.5994
02:50	0.2159	0.8219	0.8876	0.6239
02:51	0.1962	0.8017	0.8842	0.6065
02:52	0.1417	0.7487	0.8089	0.5358
02:53	0.1143	0.7298	0.8139	0.5552
02:54	0.1476	0.8044	0.8138	0.5410
02:55	0.1658	0.7067	0.7738	0.5033
02:56	0.2081	0.8187	0.8881	0.6255
02:57	0.2535	1.0098	1.0479	0.7657
02:58	0.2428	0.9521	0.9830	0.7313
02:59	0.2616	0.9900	1.0243	0.7690
03:00	0.2906	0.9775	1.0588	0.8069
03:01	0.2708	1.0320	1.0530	0.7887
03:02	0.2336	0.9542	1.0103	0.7544
03:03	0.2511	0.9493	0.9894	0.7376
03:04	0.2617	0.9293	0.9882	0.7515
03:05	0.2595	0.9335	0.9836	0.7528
03:06	0.2445	0.9331	0.9713	0.7301
03:07	0.2486	0.9719	0.9825	0.7249
03:08	0.2456	0.9360	0.9598	0.7236
03:09	0.2274	0.9069	0.9312	0.6972
03:10	0.2291	0.8837	0.9275	0.6931
03:11	0.2649	0.9657	0.9524	0.7198
03:12	0.2225	0.8604	0.8830	0.6449
03:13	0.1958	0.7865	0.8409	0.6128
03:14	0.2169	0.8239	0.8407	0.6106
03:15	0.1876	0.8060	0.8307	0.6097
03:16	0.2346	0.8987	0.8806	0.6553
03:17	0.2153	0.8031	0.8528	0.6175
03:18	0.2358	0.8558	0.9128	0.6928
03:19	0.2420	0.8746	0.8771	0.6454
03:20	0.2369	0.8472	0.8776	0.6455
03:21	0.2443	0.8650	0.8874	0.6828
03:22	0.3483	1.0381	1.0824	0.8455
03:23	0.3584	1.0296	1.0945	0.8656
03:24	0.3344	1.0053	1.0471	0.8315
03:25	0.3832	1.0971	1.1425	0.9196
03:26	0.3606	0.9905	1.0377	0.8443
03:27	0.3060	0.9390	1.0031	0.8025
03:28	0.3573	0.9977	1.0238	0.8326
03:29	0.3313	0.9698	0.9921	0.7964
03:30	0.3126	0.9641	0.9798	0.7940
03:31	0.2923	0.9123	0.9297	0.7368
03:32	0.3073	0.9067	0.9221	0.7096
03:33	0.3135	0.9577	0.9621	0.7691
03:34	0.3429	1.0294	1.0493	0.8526
03:35	0.4515	1.2173	1.2550	1.0791
03:36	0.5995	1.4488	1.5614	1.3783
03:37	0.6914	1.6979	1.7651	1.6120
03:38	0.6937	1.7359	1.8140	1.6578
03:39	0.6632	1.6139	1.7279	1.5674
03:40	0.5609	1.4298	1.4884	1.3306
03:41	0.4267	1.1688	1.2132	1.0285
03:42	0.4448	1.1629	1.2119	1.0269
03:43	0.4344	1.0903	1.1710	1.0028
03:44	0.4479	1.2179	1.2380	1.0577
03:45	0.4397	1.2354	1.2346	1.0697
03:46	0.4043	1.0816	1.1729	1.0062
03:47	0.3960	1.0516	1.1092	0.9566
03:48	0.3764	1.0187	1.0511	0.8851
03:49	0.3633	1.0066	1.0363	0.8636
03:50	0.3129	0.8663	0.9348	0.7888
03:51	0.3185	0.8407	0.8837	0.7487
03:52	0.2644	0.8123	0.8000	0.6301
03:53	0.2631	0.7940	0.8062	0.6513
03:54	0.2832	0.7566	0.8154	0.6746
03:55	0.2562	0.7600	0.7758	0.6200
03:56	0.1891	0.6124	0.6557	0.5113
03:57	0.2214	0.6175	0.6537	0.4949
03:58	0.1979	0.6009	0.6000	0.4605
03:59	0.1885	0.6195	0.5993	0.4563
04:00	0.2109	0.6355	0.6330	0.4716
04:01	0.2372	0.6203	0.6446	0.4802
04:02	0.2310	0.6591	0.6460	0.5064
04:03	0.2407	0.6586	0.6851	0.5370
04:04	0.2600	0.7337	0.7336	0.5920
04:05	0.2696	0.6797	0.7291	0.5858
04:06	0.2380	0.6618	0.7160	0.5827
04:07	0.2754	0.7110	0.7324	0.5881
04:08	0.2240	0.6509	0.6656	0.5327
04:09	0.1963	0.5821	0.6267	0.4919
04:10	0.2472	0.6335	0.6527	0.5439
04:11	0.2709	0.7165	0.7187	0.5933
04:12	0.2855	0.7348	0.7442	0.6185
04:13	0.3098	0.7572	0.8145	0.6845
04:14	0.3259	0.7889	0.8345	0.7218
04:15	0.3008	0.7244	0.7751	0.6632
04:16	0.2589	0.6697	0.7035	0.5908
04:17	0.2304	0.6410	0.6563	0.5261
04:18	0.2434	0.6646	0.6767	0.5542
04:19	0.2445	0.6338	0.6587	0.5453
04:20	0.2459	0.6565	0.6704	0.5562
04:21	0.2477	0.5983	0.6279	0.5044
04:22	0.2237	0.5830	0.5820	0.4509
04:23	0.2355	0.5476	0.5789	0.4665
04:24	0.2564	0.6022	0.5874	0.4969
04:25	0.2349	0.5831	0.6014	0.4874
04:26	0.2336	0.5340	0.5662	0.4531
04:27	0.2558	0.5289	0.5880	0.4698
04:28	0.2800	0.6557	0.6512	0.5586
04:29	0.2771	0.6395	0.6417	0.5268
04:30	0.2627	0.5806	0.5869	0.4858
04:31	0.2152	0.5956	0.5568	0.4345
04:32	0.2723	0.6295	0.6466	0.5238
04:33	0.3050	0.6316	0.6656	0.5831
04:34	0.2977	0.7059	0.7372	0.5993
04:35	0.3157	0.7319	0.7771	0.6437
04:36	0.3314	0.9130	0.9660	0.8138
04:37	0.3419	1.1335	1.1677	1.0533
04:38	0.4775	1.4274	1.4857	1.4061
04:39	0.5485	1.4669	1.5445	1.4847
04:40	0.6195	1.6051	1.7201	1.6602
04:41	0.7174	1.8233	2.0222	1.9627
04:42	1.0879	2.5522	2.8027	2.7824
04:43	1.5118	3.3729	3.7798	3.8928
04:44	1.4283	3.2408	3.5256	3.6721
04:45	1.1254	2.7663	3.0062	3.2254
04:46	1.1970	3.0603	3.3392	3.5425
04:47	1.5512	3.8753	4.3400	4.5043
04:48	1.5566	3.7614	4.1927	4.3528
04:49	1.1205	2.8703	3.1256	3.3315
04:50	0.9261	2.5036	2.7168	2.9131
04:51	0.7398	2.0973	2.2973	2.4099
04:52	0.5918	1.8110	1.8897	1.9976
04:53	0.4743	1.5401	1.6620	1.7345
04:54	0.4401	1.3960	1.4757	1.5629
04:55	0.3448	1.2318	1.3238	1.3522
04:56	0.3460	1.2052	1.3019	1.3114
04:57	0.4189	1.3971	1.4826	1.4973
04:58	0.4967	1.5849	1.6721	1.7177
04:59	0.3702	1.3599	1.4377	1.4519
05:00	0.2806	1.1229	1.1734	1.2051
05:01	0.2469	1.0313	1.1061	1.1187
05:02	0.2330	1.0469	1.0870	1.1072
05:03	0.2975	1.1122	1.1657	1.2043
05:04	0.2723	0.9867	1.0541	1.0959
05:05	0.2204	0.9212	0.9739	0.9924
05:06	0.2416	0.9440	0.9751	0.9905
05:07	0.2136	0.9137	0.9317	0.9453
05:08	0.2554	0.8918	0.9429	0.9749
05:09	0.2366	0.9267	0.9719	0.9604
05:10	0.2427	0.9605	0.9916	1.0010
05:11	0.2300	0.9706	1.0193	1.0167
05:12	0.2399	0.9513	1.0117	1.0110
05:13	0.2244	0.9161	1.0096	0.9950
05:14	0.2206	0.9973	1.0203	0.9997
05:15	0.1934	0.9600	0.9984	0.9612
05:16	0.2276	0.9545	1.0043	0.9923
05:17	0.1631	0.8862	0.9420	0.9276
05:18	0.1373	0.8394	0.8558	0.8093
05:19	0.0786	0.6925	0.7378	0.6925
05:20	0.0429	0.5578	0.6627	0.6007
05:21	0.0357	0.6297	0.6830	0.6203
05:22	0.0462	0.6971	0.7682	0.6729
05:23	0.0234	0.5732	0.6355	0.5858
05:24	0.1238	0.7352	0.8158	0.7602
05:25	0.1027	0.9614	0.9900	0.9103
05:26	0.1097	1.0182	1.0837	0.9679
05:27	0.0960	0.9307	1.0352	0.9513
05:28	0.1434	1.0535	1.0952	1.0328
05:29	0.0964	0.9098	0.9888	0.9160
05:30	0.0446	0.8897	0.9718	0.8713
05:31	0.0738	1.0062	1.0574	0.9781
05:32	0.1356	1.1169	1.1839	1.1173
05:33	0.1552	1.1278	1.1718	1.1019
05:34	0.1196	1.0919	1.1550	1.0864
05:35	0.1261	1.1928	1.2410	1.1984
05:36	0.0740	1.1976	1.2311	1.1291
05:37	0.1012	1.1832	1.2600	1.1615
05:38	0.1384	1.2247	1.3409	1.2738
05:39	0.1821	1.3471	1.4501	1.3727
05:40	0.0918	1.1726	1.2148	1.1327
05:41	0.0005	0.8106	0.8472	0.7632
05:42	0.0005	0.8062	0.8393	0.7384
05:43	0.0037	0.7786	0.8374	0.7492
05:44	0.0058	0.9162	0.9465	0.8506
05:45	0.0200	0.9282	0.9666	0.8841
05:46	0.0021	0.8493	0.9116	0.8125
05:47	0.0246	0.9488	0.9886	0.8798
05:48	0.0165	0.8626	0.9518	0.8315
05:49	0.0286	0.9256	0.9768	0.8579
05:50	0.0630	1.0228	1.1001	0.9876
05:51	0.1699	1.1878	1.2836	1.1661
05:52	0.1327	1.0711	1.1600	1.0543
05:53	0.1117	1.0435	1.1295	1.0162
05:54	0.0805	0.9615	1.0083	0.8929
05:55	0.0488	0.8849	0.9426	0.8497
05:56	0.0606	0.8479	0.9261	0.8151
05:57	0.0658	0.8067	0.8873	0.7769
05:58	0.0505	0.9060	0.9490	0.8412
05:59	0.0468	0.8496	0.9510	0.8470
06:00	0.0814	0.9073	1.0154	0.9227
06:01	0.0812	0.9490	1.0319	0.9514
06:02	0.1313	1.0310	1.1185	1.0282
06:03	0.1272	1.0518	1.1212	1.0118
06:04	0.1115	1.0232	1.0687	0.9763
06:05	0.0946	0.9732	1.0483	0.9627
06:06	0.1273	0.9468	1.0349	0.9604
06:07	0.1290	0.8624	0.9165	0.8296
06:08	0.0235	0.7175	0.7648	0.6809
06:09	0.0961	0.7701	0.8093	0.6950
06:10	0.2259	0.9236	0.9699	0.8831
06:11	0.2791	1.0190	1.1059	1.0356
06:12	0.2799	0.9971	1.0951	1.0146
06:13	0.2069	0.8741	0.9557	0.8654
06:14	0.1896	0.8128	0.8953	0.7979
06:15	0.2342	0.8585	0.9085	0.8256
06:16	0.2712	0.8580	0.9226	0.8636
06:17	0.2424	0.8335	0.8888	0.8297
06:18	0.2804	0.8610	0.9015	0.8440
06:19	0.3305	0.9090	0.9824	0.9186
06:20	0.4422	1.0773	1.2173	1.1728
06:21	0.4137	1.1394	1.2141	1.1974
06:22	0.3651	1.0505	1.1275	1.0915
06:23	0.3424	1.0828	1.1313	1.0765
06:24	0.4561	1.3140	1.4069	1.3526
06:25	0.5790	1.5599	1.7236	1.6855
06:26	0.6725	1.7203	1.8972	1.8653
06:27	0.7655	1.8868	2.0779	2.0595
06:28	0.7587	1.8547	1.9828	1.9803
06:29	0.8559	1.9719	2.1506	2.1546
06:30	1.1111	2.5088	2.7045	2.7096
06:31	1.2083	2.6955	2.9095	2.9363
06:32	1.2951	2.6916	2.9770	3.0241
06:33	1.4373	2.9987	3.2846	3.3659
06:34	1.1560	2.3938	2.6049	2.6977
06:35	1.1358	2.3231	2.5049	2.6710
06:36	1.0930	2.2037	2.4654	2.6979
06:37	1.0475	2.2369	2.4510	2.6756
06:38	1.0086	2.1990	2.3779	2.6159
06:39	0.9841	2.1298	2.3462	2.5703
06:40	0.9333	2.0813	2.2070	2.4808
06:41	0.8778	1.8538	2.0857	2.3689
06:42	0.8489	1.8761	2.0076	2.2874
06:43	0.8584	1.8612	2.0462	2.3103
06:44	0.8742	1.8663	2.0266	2.2988
06:45	0.8216	1.7581	1.8870	2.1661
06:46	0.7802	1.7012	1.8386	2.0956
06:47	0.7277	1.6099	1.7703	2.0129
06:48	0.7088	1.4479	1.6439	1.8958
06:49	0.6647	1.3892	1.5315	1.7872
06:50	0.6412	1.3625	1.4747	1.7033
06:51	0.6151	1.3285	1.4284	1.6593
06:52	0.5746	1.2646	1.3824	1.5983
06:53	0.5565	1.2058	1.2988	1.5127
06:54	0.5752	1.1761	1.2938	1.5132
06:55	0.5683	1.2024	1.2981	1.5227
06:56	0.5940	1.2073	1.2931	1.5243
06:57	0.6153	1.2598	1.3198	1.5391
06:58	0.6583	1.3601	1.4159	1.6557
06:59	0.6771	1.3421	1.4509	1.6911
07:00	0.6743	1.3212	1.4323	1.6771
07:01	0.7126	1.3693	1.4260	1.6868
07:02	0.6909	1.3315	1.3961	1.6279
07:03	0.7056	1.3481	1.4514	1.6939
07:04	0.6919	1.3257	1.4371	1.6782
07:05	0.7221	1.3673	1.4511	1.6912
07:06	0.6655	1.2089	1.3242	1.5644
07:07	0.6606	1.1603	1.2755	1.4994
07:08	0.6293	1.1714	1.2410	1.4738
07:09	0.6456	1.1660	1.2071	1.4281
07:10	0.6092	1.1017	1.1500	1.3626
07:11	0.5916	1.0218	1.1146	1.3205
07:12	0.6094	1.0072	1.0687	1.2932
07:13	0.5893	0.9957	1.0646	1.2727
07:14	0.5550	0.8827	0.9708	1.1738
07:15	0.5424	0.9129	0.9311	1.1277
07:16	0.5053	0.8287	0.8491	1.0535
07:17	0.5279	0.7534	0.8228	1.0048
07:18	0.5431	0.7506	0.7815	0.9778
07:19	0.4985	0.7456	0.7630	0.9584
07:20	0.5097	0.7242	0.7751	0.9535
07:21	0.5986	0.8183	0.8996	1.0657
07:22	0.5408	0.7456	0.8169	0.9896
07:23	0.4999	0.6136	0.6625	0.8455
07:24	0.4852	0.5601	0.6186	0.7820
07:25	0.4688	0.4929	0.5543	0.7460
07:26	0.4951	0.6595	0.6419	0.8085
07:27	0.4952	0.5644	0.5824	0.7396
07:28	0.4851	0.5629	0.5873	0.7304
07:29	0.5190	0.6090	0.6742	0.8155
07:30	0.5074	0.6145	0.6333	0.7872
07:31	0.5084	0.5949	0.6447	0.8041
07:32	0.4800	0.5765	0.5979	0.7196
07:33	0.4745	0.5374	0.5896	0.7123
07:34	0.5039	0.6097	0.6318	0.7495
07:35	0.4790	0.5002	0.5643	0.6700
07:36	0.4576	0.4647	0.5087	0.6180
07:37	0.4784	0.4832	0.5137	0.6223
07:38	0.4558	0.4915	0.5252	0.6324
07:39	0.5006	0.5401	0.5707	0.6672
07:40	0.5008	0.5883	0.5981	0.6945
07:41	0.5926	0.7334	0.8173	0.9144
07:42	0.6357	0.8723	0.9424	1.0157
07:43	0.7226	1.0020	1.1294	1.2008
07:44	0.7695	1.1661	1.2609	1.3544
07:45	0.5760	0.8264	0.8810	0.9526
07:46	0.5947	0.9911	1.0781	1.1276
07:47	1.0972	2.1602	2.3365	2.4334
07:48	0.6832	1.2722	1.4132	1.5075
07:49	0.5513	1.0383	1.1478	1.2218
07:50	0.7950	1.5421	1.7119	1.7817
07:51	0.5083	1.0071	1.0846	1.0934
07:52	0.3677	0.6416	0.6625	0.7235
07:53	0.3456	0.6784	0.7171	0.7344
07:54	0.4067	0.8184	0.8686	0.9015
07:55	0.3930	0.8442	0.8896	0.8893
07:56	0.5254	1.1135	1.1453	1.1625
07:57	0.5020	1.1045	1.1864	1.1928
07:58	0.4435	1.0444	1.1022	1.0915
07:59	0.5041	1.1458	1.2473	1.2246
08:00	0.4774	1.1299	1.2428	1.1962
08:01	0.4022	1.0494	1.1325	1.1124
08:02	0.4532	1.1343	1.1933	1.2100
08:03	0.4629	1.1451	1.2552	1.2698
08:04	0.5286	1.3691	1.4650	1.4943
08:05	0.8123	1.8879	2.0195	2.1084
08:06	1.1793	2.3902	2.6001	2.8130
08:07	1.5720	3.1643	3.5109	3.7433
08:08	1.4936	3.1268	3.4813	3.8297
08:09	1.5333	3.4634	3.8455	4.2142
08:10	1.7336	3.7002	4.1563	4.5271
08:11	1.8249	3.9521	4.4862	4.8007
08:12	1.9760	4.1923	4.8824	5.0780
08:13	2.0939	4.2917	5.1724	5.4355
08:14	2.5508	4.7906	6.1393	6.0649
08:15	2.7682	5.0382	6.8450	6.8567
08:16	2.7440	4.9340	6.5364	6.3783
08:17	2.1448	4.1914	4.9252	4.7588
08:18	1.3126	2.9924	3.3570	3.5879
08:19	0.9076	2.3031	2.4964	2.8242
08:20	0.7652	1.9825	2.1407	2.4728
08:21	0.6866	1.8381	1.9715	2.2269
08:22	0.6115	1.6861	1.8144	2.0484
08:23	0.5758	1.5501	1.6106	1.8660
08:24	0.4995	1.3144	1.4251	1.6546
08:25	0.3999	1.1744	1.2569	1.4409
08:26	0.3443	1.1076	1.1374	1.3206
08:27	0.2808	0.9856	1.0454	1.2285
08:28	0.2391	0.8308	0.9442	1.1322
08:29	0.2419	0.8788	0.9118	1.0890
08:30	0.1630	0.7231	0.7896	0.9470
08:31	0.1617	0.6775	0.7443	0.8979
08:32	0.1238	0.6329	0.6687	0.7872
08:33	0.1215	0.5490	0.5715	0.7019
08:34	0.1084	0.4809	0.5048	0.6221
08:35	0.0560	0.3764	0.4185	0.5449
08:36	0.0800	0.3982	0.4645	0.5559
08:37	0.0486	0.4047	0.4505	0.4895
08:38	0.0447	0.4074	0.4307	0.4622
08:39	0.0254	0.3790	0.4022	0.4217
08:40	0.0137	0.3752	0.4286	0.4092
08:41	0.0207	0.4638	0.4580	0.4166
08:42	0.0119	0.3904	0.4373	0.3998
08:43	0.0080	0.4163	0.4290	0.4052
08:44	0.0034	0.3879	0.4282	0.4030
08:45	0.0075	0.4256	0.4272	0.3903
08:46	0.0099	0.3614	0.4266	0.3863
08:47	0.0145	0.4129	0.4236	0.3771
08:48	0.0152	0.3692	0.4338	0.3937
08:49	0.0283	0.4075	0.4322	0.3802
08:50	0.0470	0.4154	0.4392	0.3813
08:51	0.0399	0.4197	0.4548	0.3974
08:52	0.0545	0.4169	0.4518	0.3796
08:53	0.0318	0.4404	0.4770	0.3743
08:54	0.0315	0.4546	0.4485	0.3723
08:55	0.0372	0.4233	0.4562	0.3710
08:56	0.0398	0.4228	0.4348	0.3641
08:57	0.0518	0.4721	0.4648	0.3700
08:58	0.0487	0.4352	0.4572	0.3779
08:59	0.0456	0.4460	0.4490	0.3718
09:00	0.0559	0.4471	0.4481	0.3646
09:01	0.0459	0.4127	0.4496	0.3814
09:02	0.0351	0.3809	0.4420	0.3590
09:03	0.0695	0.3481	0.4048	0.3483
09:04	0.0969	0.4017	0.4310	0.3555
09:05	0.1055	0.3917	0.4035	0.3330
09:06	0.1019	0.4002	0.4090	0.3392
09:07	0.1427	0.3912	0.4170	0.3306
09:08	0.1650	0.4200	0.4075	0.3270
09:09	0.2092	0.4026	0.4133	0.3497
09:10	0.1941	0.4063	0.4104	0.3386
09:11	0.2124	0.4090	0.4228	0.3528
09:12	0.2311	0.3886	0.4307	0.3611
09:13	0.2817	0.4048	0.4486	0.3887
09:14	0.2987	0.4543	0.4275	0.3726
09:15	0.2827	0.4102	0.4109	0.3736
09:16	0.3039	0.4096	0.4411	0.4055
09:17	0.3383	0.4727	0.4802	0.4304
09:18	0.3305	0.4758	0.5032	0.4658
09:19	0.3785	0.5357	0.5322	0.5090
09:20	0.3561	0.5065	0.5169	0.4753
09:21	0.4065	0.5689	0.5420	0.5085
09:22	0.4183	0.5565	0.5676	0.5370
09:23	0.3859	0.4835	0.4797	0.4562
09:24	0.3558	0.4373	0.4703	0.4464
09:25	0.3514	0.4561	0.4870	0.4386
09:26	0.3584	0.4705	0.4698	0.4279
09:27	0.3701	0.4738	0.5035	0.4700
09:28	0.4363	0.6211	0.6539	0.6164
09:29	0.4489	0.5669	0.6366	0.6070
09:30	0.4423	0.5566	0.5982	0.5777
09:31	0.4070	0.5083	0.5101	0.4812
09:32	0.4135	0.4910	0.4992	0.4269
09:33	0.4103	0.4527	0.5078	0.4682
09:34	0.4454	0.5771	0.5875	0.5422
09:35	0.4221	0.4821	0.5252	0.5104
09:36	0.4640	0.4727	0.5048	0.4676
09:37	0.4398	0.4576	0.4859	0.4583
09:38	0.4268	0.4560	0.4162	0.4000
09:39	0.4427	0.3902	0.4125	0.4008
09:40	0.4643	0.3928	0.4376	0.4245
09:41	0.5054	0.4692	0.4983	0.4833
09:42	0.5325	0.4866	0.5230	0.5095
09:43	0.4850	0.4398	0.4831	0.4794
09:44	0.4438	0.4000	0.4309	0.4369
09:45	0.4458	0.3822	0.4018	0.4209
09:46	0.4626	0.3874	0.4300	0.4416
09:47	0.4374	0.3872	0.4054	0.4196
09:48	0.4425	0.3717	0.3872	0.4032
09:49	0.4564	0.3605	0.3851	0.4049
09:50	0.4619	0.3903	0.3941	0.4208
09:51	0.4789	0.3913	0.4249	0.4244
09:52	0.5103	0.3945	0.4305	0.4513
09:53	0.5122	0.4241	0.4431	0.4584
09:54	0.5458	0.4392	0.4318	0.4616
09:55	0.5366	0.3870	0.3854	0.4198
09:56	0.5547	0.3759	0.4090	0.4337
09:57	0.5391	0.4238	0.4506	0.4660
09:58	0.4972	0.3388	0.3695	0.3854
09:59	0.4969	0.3124	0.3456	0.3601
10:00	0.5232	0.3322	0.3449	0.3471
10:01	0.5168	0.2794	0.3135	0.3346
10:02	0.5306	0.3338	0.3291	0.3594
10:03	0.5449	0.3254	0.3396	0.3832
10:04	0.5621	0.3631	0.3828	0.4319
10:05	0.5924	0.4237	0.4214	0.4731
10:06	0.6030	0.4126	0.4575	0.4725
10:07	0.6111	0.3647	0.4048	0.4537
10:08	0.6154	0.3515	0.3885	0.4296
10:09	0.6119	0.3364	0.3918	0.4374
10:10	0.5938	0.3931	0.4029	0.4540
10:11	0.6023	0.3021	0.3309	0.3995
10:12	0.6110	0.3020	0.3268	0.3840
10:13	0.5904	0.3012	0.3094	0.3709
10:14	0.6251	0.3072	0.3191	0.3783
10:15	0.6014	0.3057	0.3323	0.3693
10:16	0.6393	0.3378	0.3302	0.3772
10:17	0.6324	0.2752	0.3229	0.3856
10:18	0.6367	0.3552	0.3476	0.3996
10:19	0.6557	0.3556	0.3602	0.4220
10:20	0.6362	0.3525	0.3469	0.4031
10:21	0.6387	0.3697	0.3479	0.4128
10:22	0.6221	0.3162	0.3275	0.3780
10:23	0.6078	0.3236	0.3395	0.3907
10:24	0.5865	0.2552	0.2999	0.3622
10:25	0.5938	0.3516	0.3068	0.3738
10:26	0.6268	0.2870	0.2895	0.3619
10:27	0.6417	0.3055	0.3347	0.4173
10:28	0.7037	0.4233	0.4423	0.5298
10:29	0.6558	0.3487	0.3669	0.4610
10:30	0.6547	0.3818	0.3864	0.4760
10:31	0.6845	0.3892	0.4042	0.4992
10:32	0.6595	0.3404	0.3988	0.4868
10:33	0.6853	0.3665	0.3964	0.4727
10:34	0.6774	0.3741	0.3492	0.4158
10:35	0.6976	0.4508	0.4329	0.5096
10:36	0.7226	0.4530	0.4592	0.5591
10:37	0.7494	0.4804	0.4963	0.5956
10:38	0.7205	0.4246	0.4260	0.5360
10:39	0.7199	0.3959	0.4128	0.5125
10:40	0.7187	0.3865	0.4065	0.5243
10:41	0.7483	0.3820	0.4737	0.5826
10:42	0.7237	0.3810	0.4469	0.5686
10:43	0.7254	0.3508	0.4082	0.5226
10:44	0.6891	0.4731	0.5037	0.3983
10:45	0.2156	0.0990	0.0914	0.1094
10:46	0.1685	0.0519	0.0265	0.1070
10:47	0.1866	0.0889	0.0567	0.1371
10:48	0.1881	0.0973	0.0737	0.1711
10:49	0.1843	0.1455	0.1517	0.2308
10:50	0.1649	0.1145	0.0882	0.2072
10:51	0.1556	0.1353	0.1081	0.2086
10:52	0.1483	0.0972	0.0596	0.1716
10:53	0.1833	0.0874	0.0644	0.1967
10:54	0.1611	0.1141	0.1018	0.2022
10:55	0.1900	0.1106	0.1189	0.2169
10:56	0.1438	0.0494	0.0652	0.1509
10:57	0.1539	0.0367	0.0295	0.1392
10:58	0.1635	0.0406	0.0184	0.1065
10:59	0.2099	0.1052	0.0603	0.1811
11:00	0.1952	0.0760	0.0562	0.1902
11:01	0.1798	0.1129	0.0724	0.1643
11:02	0.2180	0.1411	0.1556	0.2673
11:03	0.2341	0.1613	0.1649	0.2808
11:04	0.2625	0.1899	0.1979	0.3012
11:05	0.2630	0.1763	0.1699	0.2834
11:06	0.3195	0.2102	0.2223	0.3373
11:07	0.2880	0.2067	0.1881	0.2991
11:08	0.3209	0.2003	0.1995	0.3155
11:09	0.2679	0.1858	0.2171	0.3154
11:10	0.2646	0.1130	0.1542	0.2208
11:11	0.1649	0.0647	0.0383	0.0925
11:12	0.0971	0.0182	0.0084	0.0442
11:13	0.0617	0.0167	0.0079	0.0603
11:14	0.0682	0.0343	0.0234	0.0866
11:15	0.0929	0.0670	0.0313	0.0911
11:16	0.0579	0.0503	0.0202	0.0897
11:17	0.0502	0.0182	0.0054	0.0687
11:18	0.0434	0.0256	0.0139	0.0852
11:19	0.0370	0.0051	0.0007	0.0451
11:20	0.0476	0.0089	0.0034	0.0718
11:21	0.0644	0.0538	0.0260	0.0875
11:22	0.0477	0.0349	0.0164	0.0799
11:23	0.0228	0.0118	0.0003	0.0237
11:24	0.0093	0.0023	0.0000	0.0052
11:25	0.0158	0.0114	0.0000	0.0126
11:26	0.0493	0.0132	0.0022	0.0274
11:27	0.0237	0.0175	0.0013	0.0174
11:28	0.0218	0.0157	0.0009	0.0092
11:29	0.0213	0.0151	0.0000	0.0126
11:30	0.0254	0.0105	0.0000	0.0067
11:31	0.0071	0.0191	0.0001	0.0054
11:32	0.0317	0.0101	0.0058	0.0184
11:33	0.0152	0.0216	0.0039	0.0288
11:34	0.0256	0.0159	0.0084	0.0236
11:35	0.0158	0.0073	0.0014	0.0329
11:36	0.0118	0.0080	0.0000	0.0291
11:37	0.0121	0.0333	0.0066	0.0244
11:38	0.0434	0.0169	0.0025	0.0413
11:39	0.0448	0.0553	0.0156	0.0616
11:40	0.0239	0.0116	0.0045	0.0603
11:41	0.0282	0.0068	0.0000	0.0483
11:42	0.2915	0.0223	0.0177	0.0696
11:43	0.2082	0.0451	0.0096	0.0555
11:44	0.2032	0.0549	0.0207	0.0908
11:45	0.1648	0.0493	0.0262	0.1176
11:46	0.1788	0.0641	0.0197	0.1057
11:47	0.1597	0.0657	0.0495	0.1203
11:48	0.1582	0.0633	0.0093	0.1044
11:49	0.1569	0.0430	0.0252	0.0984
11:50	0.1302	0.0453	0.0250	0.1079
11:51	0.1330	0.0272	0.0150	0.1219
11:52	0.0905	0.0267	0.0092	0.1163
11:53	0.1202	0.0420	0.0244	0.1216
11:54	0.1091	0.0443	0.0279	0.1569
11:55	0.1257	0.0570	0.0334	0.1867
11:56	0.1576	0.0724	0.0571	0.1781
11:57	0.1555	0.0554	0.0529	0.1690
11:58	0.1056	0.0765	0.0463	0.1600
11:59	0.0828	0.0657	0.0385	0.1732
12:00	0.1016	0.0611	0.0326	0.1551
12:01	0.0966	0.0381	0.0322	0.1464
12:02	0.1605	0.0852	0.0542	0.1373
12:03	0.1628	0.0898	0.0508	0.1560
12:04	0.1656	0.0902	0.0686	0.1749
12:05	0.1939	0.1004	0.0943	0.2003
12:06	0.2132	0.1331	0.1387	0.2292
12:07	0.2778	0.2119	0.2271	0.2657
12:08	0.2888	0.2737	0.2678	0.2388
12:09	0.3262	0.2571	0.2804	0.2995
12:10	0.3635	0.3624	0.3803	0.3828
12:11	0.3887	0.4409	0.4572	0.4584
12:12	0.3271	0.3345	0.3081	0.3201
12:13	0.3461	0.3253	0.3317	0.3239
12:14	0.3230	0.2909	0.2694	0.2673
12:15	0.3157	0.2772	0.2901	0.2730
12:16	0.3183	0.2860	0.3191	0.3113
12:17	0.4621	0.5105	0.5711	0.5486
12:18	0.5400	0.7989	0.8516	0.7927
12:19	0.5469	0.7548	0.8579	0.7993
12:20	0.4624	0.6060	0.6644	0.5682
12:21	0.4513	0.5210	0.5874	0.5301
12:22	0.4364	0.5377	0.5930	0.5060
12:23	0.5289	0.7089	0.7498	0.6607
12:24	0.4467	0.5908	0.6295	0.5344
12:25	0.4565	0.5706	0.6066	0.5227
12:26	0.4046	0.4549	0.4749	0.3843
12:27	0.3965	0.3539	0.4014	0.3077
12:28	0.6031	0.9920	1.0825	0.6912
12:29	0.6638	1.1430	1.2768	0.7477
12:30	0.4263	1.0292	1.1279	0.6637
12:31	0.3383	0.8201	0.9255	0.5443
12:32	0.3334	0.6797	0.8107	0.4787
12:33	0.2627	0.5824	0.7042	0.4141
12:34	0.4038	0.7505	0.8381	0.4325
12:35	0.4852	0.9372	1.0569	0.4274
12:36	0.3162	0.7787	0.8522	0.4387
12:37	0.3062	0.7593	0.8301	0.4341
12:38	0.2672	0.7123	0.7867	0.4735
12:39	0.2364	0.6616	0.7300	0.4107
12:40	0.2673	0.8109	0.8834	0.4081
12:41	0.2036	0.6448	0.7353	0.3885
12:42	0.2810	0.7391	0.8550	0.4447
12:43	0.2689	0.7840	0.8590	0.4634
12:44	0.2761	0.8219	0.9351	0.4800
12:45	0.3225	0.8282	0.9079	0.5016
12:46	0.4079	0.9633	1.0566	0.6388
12:47	0.4638	1.1502	1.2052	0.7486
12:48	0.5053	1.2189	1.3430	0.8586
12:49	0.5348	1.2016	1.3614	0.8608
12:50	0.5479	1.2309	1.3504	0.8570
12:51	0.5283	1.1485	1.2936	0.7926
12:52	0.2917	1.0146	1.1011	0.6767
12:53	0.4719	1.0497	1.0913	0.5959
12:54	0.3952	0.9825	1.0844	0.6105
12:55	0.6382	1.1759	1.3022	0.7170
12:56	0.3082	0.9468	1.0639	0.5417
12:57	0.3900	0.8948	1.0112	0.4706
12:58	0.3995	0.7973	0.8987	0.4057
12:59	0.5219	0.8383	0.9075	0.3517
13:00	0.5641	0.8071	0.8716	0.2824
13:01	0.5457	0.8279	0.9289	0.3134
13:02	0.5954	0.7851	0.8953	0.2819
13:03	0.4861	0.7691	0.8687	0.2782
13:04	0.4819	0.7469	0.8627	0.2812
13:05	0.4781	0.7522	0.8496	0.2741
13:06	0.3558	0.6761	0.7851	0.2375
13:07	0.5025	0.7548	0.8284	0.2157
13:08	0.3820	0.6889	0.8152	0.2309
13:09	0.2028	0.6325	0.7553	0.2064
13:10	0.2258	0.6720	0.7462	0.2182
13:11	0.3454	0.7511	0.8133	0.2365
13:12	0.2834	0.6389	0.7528	0.2056
13:13	0.5271	0.7866	0.8716	0.2223
13:14	0.5153	0.7260	0.8210	0.2015
13:15	0.4717	0.7123	0.7960	0.1927
13:16	0.4218	0.6664	0.7213	0.1676
13:17	0.4366	0.7408	0.7864	0.2004
13:18	0.5640	0.6903	0.7439	0.1790
13:19	0.6291	0.7202	0.8302	0.2100
13:20	0.6574	0.7449	0.8595	0.2024
13:21	0.6629	0.7102	0.7494	0.1647
13:22	0.6711	0.6495	0.7731	0.1485
13:23	0.6087	0.7096	0.7904	0.1744
13:24	0.5080	0.6363	0.7468	0.1628
13:25	0.4851	0.6569	0.7403	0.1714
13:26	0.5156	0.7022	0.7769	0.1763
13:27	0.4925	0.7375	0.7683	0.1914
13:28	0.4794	0.6907	0.7546	0.1807
13:29	0.4678	0.6298	0.7056	0.1423
13:30	0.5038	0.7354	0.8168	0.2210
13:31	0.5639	0.7397	0.8092	0.1900
13:32	0.5977	0.7325	0.7905	0.1918
13:33	0.5582	0.7062	0.7660	0.1707
13:34	0.4727	0.7566	0.8377	0.2238
13:35	0.5271	0.7025	0.7964	0.1902
13:36	0.6018	0.7198	0.7970	0.1957
13:37	0.6423	0.7779	0.8244	0.1940
13:38	0.5749	0.7271	0.7705	0.2011
13:39	0.5699	0.6861	0.7647	0.1875
13:40	0.5188	0.7267	0.7708	0.2037
13:41	0.5081	0.6872	0.7531	0.1994
13:42	0.4919	0.6992	0.7497	0.2058
13:43	0.5605	0.7201	0.8221	0.2329
13:44	0.6336	0.7942	0.8445	0.2607
13:45	0.6732	0.7621	0.8489	0.2958
13:46	0.7069	0.7826	0.8758	0.3040
13:47	0.7550	0.8714	1.0086	0.4249
13:48	0.8054	1.0503	1.1317	0.5085
13:49	0.8990	1.1683	1.2952	0.6221
13:50	0.8810	1.1059	1.2306	0.6544
13:51	0.8092	1.0394	1.1603	0.5575
13:52	0.8484	1.0084	1.1080	0.4772
13:53	0.7908	0.9424	1.0511	0.4476
13:54	0.7950	0.9760	1.1088	0.4420
13:55	0.7574	1.0079	1.1040	0.4369
13:56	0.5069	0.9051	1.0145	0.3973
13:57	0.6568	0.9861	1.0932	0.4375
13:58	0.5690	0.9303	1.0274	0.4285
13:59	0.5896	0.9837	1.0642	0.4649
14:00	0.6002	0.9772	1.0529	0.4529
14:01	0.4606	0.8487	1.0055	0.4465
14:02	0.5492	0.9016	0.9924	0.3866
14:03	0.5176	0.8091	0.9085	0.3116
14:04	0.8077	0.9357	1.0277	0.3485
14:05	0.6581	0.9343	1.0111	0.3222
14:06	0.6780	0.9720	1.0477	0.3461
14:07	0.7350	1.0215	1.0966	0.3907
14:08	0.7532	0.9358	1.0832	0.3682
14:09	0.7639	0.9814	1.0721	0.3333
14:10	0.8041	1.0081	1.0967	0.3970
14:11	0.6548	0.9939	1.1234	0.4204
14:12	0.5790	0.8619	0.9879	0.3648
14:13	0.6708	0.9679	1.0489	0.4198
14:14	0.7068	0.8834	1.0212	0.3988
14:15	0.7913	0.8730	1.0353	0.4057
14:16	0.7166	0.9846	1.1054	0.5088
14:17	0.7706	1.1861	1.3047	0.7359
14:18	0.7408	1.2596	1.3477	0.8015
14:19	0.6439	1.0480	1.1610	0.6123
14:20	0.7126	1.1971	1.3289	0.7981
14:21	0.7713	1.4063	1.5377	0.9319
14:22	0.6243	1.2224	1.3068	0.7886
14:23	0.6005	1.1287	1.2516	0.6893
14:24	0.5293	0.9248	1.0474	0.5286
14:25	0.5136	0.9236	1.0524	0.5193
14:26	0.6823	1.3365	1.4631	0.9310
14:27	0.5399	0.9643	1.1284	0.5594
14:28	0.4932	0.9462	1.0211	0.4697
14:29	0.4532	0.8974	1.0152	0.4715
14:30	0.4272	0.8145	0.9402	0.4682
14:31	0.5416	0.9984	1.0965	0.6245
14:32	0.6730	1.3332	1.4408	0.8965
14:33	0.6132	1.3768	1.5271	0.9501
14:34	0.6861	1.4480	1.6037	0.9023
14:35	0.8227	1.7237	1.8602	1.2776
14:36	1.0523	2.2351	2.4480	1.8821
14:37	1.1875	2.5143	2.7801	2.2307
14:38	1.1380	2.3368	2.5614	2.0849
14:39	1.2748	2.7582	3.0810	2.6356
14:40	1.1561	2.6750	2.8853	2.4076
14:41	1.1854	2.6705	2.9439	2.5734
14:42	0.9437	2.1359	2.3251	2.0039
14:43	0.8531	1.9257	2.1606	1.7839
14:44	0.7559	1.8132	2.0030	1.5698
14:45	0.6072	1.5815	1.7457	1.2908
14:46	0.5509	1.4084	1.5304	1.0739
14:47	0.5825	1.4484	1.6070	1.1599
14:48	0.5991	1.4193	1.5920	1.0954
14:49	0.5751	1.4394	1.6043	1.0828
14:50	0.4317	1.2073	1.3391	0.8182
14:51	0.3918	1.1572	1.2695	0.6846
14:52	0.3477	1.1316	1.2635	0.5973
14:53	0.2391	0.9398	1.0558	0.4642
14:54	0.1932	0.8637	0.9905	0.3207
14:55	0.1149	0.7904	0.8901	0.2857
14:56	0.1381	0.7621	0.8765	0.2661
14:57	0.1163	0.7539	0.8101	0.2467
14:58	0.1910	0.7736	0.8257	0.2695
14:59	0.2231	0.7767	0.8647	0.2891
15:00	0.2329	0.8642	0.9161	0.3145
15:01	0.2323	0.8786	0.9336	0.3310
15:02	0.2435	0.7953	0.8906	0.2944
15:03	0.2707	0.7468	0.8379	0.2698
15:04	0.3457	0.8751	0.9476	0.3544
15:05	0.3250	0.8304	0.8769	0.3015
15:06	0.2752	0.7930	0.8350	0.2485
15:07	0.2965	0.8245	0.8691	0.3003
15:08	0.3844	0.9068	1.0274	0.4586
15:09	0.4107	1.0322	1.1148	0.5008
15:10	0.4239	1.0678	1.1824	0.5762
15:11	0.4435	1.1092	1.2683	0.6739
15:12	0.4851	1.2476	1.3345	0.7361
15:13	0.5067	1.2790	1.3954	0.7946
15:14	0.5740	1.3789	1.5279	0.9156
15:15	0.4945	1.3697	1.5278	0.9053
15:16	0.4755	1.3789	1.5035	0.9241
15:17	0.4766	1.4221	1.5462	0.9597
15:18	0.4121	1.2510	1.3951	0.8149
15:19	0.3964	1.2223	1.3696	0.7771
15:20	0.4286	1.1939	1.3294	0.7489
15:21	0.4298	1.1905	1.3201	0.7211
15:22	0.5524	1.2690	1.4319	0.8349
15:23	0.6556	1.4091	1.5327	0.9173
15:24	0.5349	1.1615	1.2932	0.6720
15:25	0.4949	1.0744	1.1738	0.5807
15:26	0.4710	0.9494	1.0717	0.4807
15:27	0.4898	1.0820	1.2211	0.6252
15:28	0.6664	1.5586	1.6968	1.0924
15:29	0.6372	1.4686	1.5839	1.0000
15:30	0.6057	1.3776	1.5089	0.9202
15:31	0.5181	1.1865	1.3052	0.7203
15:32	0.4414	1.0957	1.1819	0.5699
15:33	0.4742	1.1041	1.1963	0.5805
15:34	0.4677	1.0862	1.1850	0.5749
15:35	0.4457	1.0188	1.1343	0.5207
15:36	0.4220	1.0150	1.0930	0.4593
15:37	0.4570	0.9625	1.0818	0.4590
15:38	0.4387	0.9812	1.0486	0.4221
15:39	0.4141	0.8987	1.0375	0.3971
15:40	0.3519	0.8530	0.9648	0.3434
15:41	0.3756	0.8876	0.9365	0.3184
15:42	0.3440	0.8423	0.9342	0.3149
15:43	0.3409	0.8888	0.9400	0.3116
15:44	0.3682	0.9164	0.9682	0.3097
15:45	0.3294	0.8854	0.9422	0.3013
15:46	0.3803	0.8822	0.9891	0.3506
15:47	0.4502	1.0792	1.2107	0.5528
15:48	0.5029	1.2121	1.3131	0.6526
15:49	0.5398	1.2232	1.3390	0.6707
15:50	0.5704	1.2021	1.3715	0.7040
15:51	0.5281	1.0706	1.1983	0.5418
15:52	0.5111	1.1482	1.2469	0.5285
15:53	0.4655	1.1181	1.2398	0.5269
15:54	0.3916	1.0720	1.1406	0.4360
15:55	0.3631	1.0861	1.2159	0.5337
15:56	0.4259	1.1698	1.3006	0.6023
15:57	0.4299	1.2358	1.3703	0.6806
15:58	0.4255	1.2241	1.3585	0.6753
15:59	0.4362	1.2575	1.3856	0.7044
16:00	0.4088	1.1555	1.3295	0.6318
16:01	0.5051	1.3103	1.4764	0.7431
16:02	0.4987	1.3008	1.4548	0.7431
16:03	0.5040	1.4577	1.6221	0.8480
16:04	0.5044	1.5108	1.6540	0.8823
16:05	0.4634	1.4301	1.5597	0.7806
16:06	0.5312	1.4228	1.5972	0.7886
16:07	0.4962	1.4181	1.5344	0.7544
16:08	0.4587	1.3173	1.4463	0.7275
16:09	0.4558	1.3261	1.4879	0.6915
16:10	0.4167	1.2205	1.3880	0.6304
16:11	0.3745	1.3375	1.5001	0.5954
16:12	0.3196	1.1607	1.2845	0.5174
16:13	0.3500	1.2033	1.3151	0.5375
16:14	0.3874	1.2114	1.3682	0.5900
16:15	0.4193	1.2974	1.3900	0.5645
16:16	0.3638	1.2342	1.3561	0.4873
16:17	0.3393	1.1785	1.3444	0.4821
16:18	0.3295	1.2632	1.3446	0.4621
16:19	0.2160	1.1004	1.2248	0.4341
16:20	0.2191	1.1766	1.3023	0.4357
16:21	0.2152	1.1477	1.2521	0.4322
16:22	0.2158	1.1416	1.2585	0.4446
16:23	0.2032	1.1612	1.2666	0.4420
16:24	0.1659	1.0522	1.1729	0.3987
16:25	0.3164	1.0551	1.1874	0.3996
16:26	0.3363	1.1597	1.3129	0.4533
16:27	0.2992	1.1576	1.2476	0.4204
16:28	0.3048	1.1234	1.2344	0.3955
16:29	0.2560	1.0461	1.1951	0.3571
16:30	0.2545	1.1029	1.2397	0.3303
16:31	0.2344	1.1147	1.2490	0.3784
16:32	0.2379	1.0578	1.1886	0.3716
16:33	0.2124	1.0746	1.1815	0.3674
16:34	0.2174	1.0565	1.1521	0.3388
16:35	0.3418	1.1278	1.2417	0.4000
16:36	0.2831	1.0918	1.1980	0.3655
16:37	0.2536	1.0342	1.1320	0.3200
16:38	0.1877	1.0132	1.1611	0.3149
16:39	0.1671	1.0745	1.1601	0.2836
16:40	0.1407	1.0026	1.1007	0.2720
16:41	0.1494	1.0185	1.1072	0.2893
16:42	0.1415	0.9724	1.0829	0.2456
16:43	0.2112	0.9740	1.0745	0.2302
16:44	0.2418	1.0562	1.1691	0.2892
16:45	0.2258	1.0834	1.2140	0.3521
16:46	0.2052	1.0778	1.2228	0.3576
16:47	0.1920	1.0660	1.1902	0.3524
16:48	0.2330	1.1282	1.2414	0.4016
16:49	0.2338	1.1293	1.2480	0.4023
16:50	0.2406	1.1464	1.2401	0.3814
16:51	0.2824	1.1182	1.2074	0.3667
16:52	0.2764	1.1385	1.2249	0.3860
16:53	0.2073	1.2064	1.2594	0.4112
16:54	0.2404	1.1891	1.2860	0.4366
16:55	0.2631	1.1773	1.2712	0.4481
16:56	0.2379	1.1600	1.2505	0.4349
16:57	0.2381	1.1337	1.2509	0.4230
16:58	0.2254	1.1768	1.2841	0.4351
16:59	0.2511	1.2110	1.3015	0.4591
17:00	0.2830	1.2687	1.3896	0.5049
17:01	0.2397	1.2165	1.3593	0.5007
17:02	0.2453	1.2859	1.3891	0.5067
17:03	0.2415	1.2303	1.3358	0.4968
17:04	0.2208	1.1862	1.3123	0.5139
17:05	0.2183	1.2085	1.3291	0.5285
17:06	0.2619	1.2861	1.3903	0.5876
17:07	0.2417	1.2892	1.3889	0.5850
17:08	0.2735	1.2884	1.4189	0.6008
17:09	0.2650	1.2461	1.3953	0.5848
17:10	0.2791	1.2964	1.3926	0.6042
17:11	0.2700	1.2349	1.3341	0.5681
17:12	0.2556	1.2024	1.3225	0.5331
17:13	0.2528	1.2162	1.3048	0.5159
17:14	0.2865	1.1907	1.2933	0.4921
17:15	0.3139	1.2328	1.3219	0.5088
17:16	0.3326	1.2574	1.3757	0.5609
17:17	0.3778	1.2996	1.4364	0.6437
17:18	0.4014	1.3462	1.4408	0.6337
17:19	0.4114	1.3110	1.4414	0.6270
17:20	0.4085	1.3756	1.4803	0.6618
17:21	0.4427	1.4216	1.5607	0.7388
17:22	0.4436	1.4502	1.5817	0.7703
17:23	0.4563	1.4663	1.6594	0.8533
17:24	0.4605	1.5992	1.7580	0.9447
17:25	0.4878	1.6220	1.7442	0.9578
17:26	0.6031	1.7303	1.8629	1.0599
17:27	0.5704	1.7260	1.8694	1.0580
17:28	0.6223	1.7756	1.9040	1.0629
17:29	0.5829	1.6681	1.8431	0.9948
17:30	0.6426	1.8532	1.9711	1.1100
17:31	0.7427	1.9950	2.1599	1.3317
17:32	0.7547	2.1056	2.2862	1.4306
17:33	0.6735	1.9333	2.1281	1.2667
17:34	0.6271	1.8237	1.9718	1.1423
17:35	0.6131	1.8069	1.9703	1.1348
17:36	0.5893	1.7945	1.9707	1.1047
17:37	0.5915	1.6982	1.8323	0.9833
17:38	0.5418	1.6234	1.7066	0.8704
17:39	0.4987	1.4413	1.5867	0.7385
17:40	0.5250	1.5218	1.6208	0.7459
17:41	0.5414	1.5318	1.6454	0.8015
17:42	0.5483	1.5248	1.6321	0.7873
17:43	0.5110	1.4200	1.5258	0.6779
17:44	0.4826	1.3237	1.4501	0.5967
17:45	0.5033	1.3681	1.5307	0.6875
17:46	0.4531	1.3146	1.4873	0.6533
17:47	0.4008	1.3932	1.5495	0.5185
17:48	0.2928	1.6518	1.8241	0.5353
17:49	0.3342	1.3051	1.4138	0.4555
17:50	0.3278	1.2300	1.3456	0.4012
17:51	0.3141	1.3052	1.3835	0.4032
17:52	0.3123	1.2873	1.4203	0.4569
17:53	0.3931	1.3272	1.4426	0.5126
17:54	0.3610	1.3375	1.4824	0.5383
17:55	0.3536	1.3126	1.4669	0.5038
17:56	0.3919	1.4340	1.5422	0.5534
17:57	0.3901	1.5040	1.6319	0.6696
17:58	0.4068	1.5380	1.6542	0.7037
17:59	0.3970	1.5709	1.7048	0.7632
18:00	0.4445	1.6177	1.7606	0.7937
18:01	0.4541	1.6815	1.8061	0.7754
18:02	0.4094	1.5536	1.6696	0.7079
18:03	0.4140	1.4864	1.6225	0.6602
18:04	0.3742	1.4232	1.6417	0.6684
18:05	0.3165	1.4175	1.5273	0.5604
18:06	0.3590	1.2294	1.3947	0.4257
18:07	0.3188	1.1835	1.2778	0.3046
18:08	0.2270	1.1350	1.2122	0.2355
18:09	0.1910	1.0456	1.1412	0.1694
18:10	0.1991	1.0459	1.1120	0.1632
18:11	0.1915	1.0590	1.1346	0.1432
18:12	0.2236	1.0552	1.1503	0.1703
18:13	0.1651	1.0377	1.1256	0.1404
18:14	0.1385	0.9896	1.0921	0.1268
18:15	0.1389	1.0756	1.1238	0.1495
18:16	0.2428	1.0187	1.1644	0.1703
18:17	0.2577	1.1085	1.2264	0.2115
18:18	0.2757	1.0810	1.1735	0.1997
18:19	0.2566	1.0533	1.1566	0.1857
18:20	0.2366	1.0463	1.1453	0.1665
18:21	0.1601	1.0495	1.1306	0.1615
18:22	0.1864	1.1011	1.1578	0.1840
18:23	0.1854	1.0296	1.1435	0.1668
18:24	0.1940	1.0732	1.1608	0.1699
18:25	0.2489	1.0695	1.1606	0.1884
18:26	0.2188	1.0632	1.1670	0.1777
18:27	0.1937	1.0769	1.1628	0.1889
18:28	0.1929	1.0346	1.1620	0.1869
18:29	0.1805	1.0613	1.1714	0.1694
18:30	0.2173	1.0896	1.2165	0.2265
18:31	0.1890	1.0783	1.1867	0.1838
18:32	0.2085	1.1462	1.2171	0.2101
18:33	0.1963	1.1148	1.2092	0.1822
18:34	0.1711	1.1279	1.2097	0.1969
18:35	0.1866	1.2185	1.2706	0.2418
18:36	0.2004	1.1686	1.2582	0.2528
18:37	0.2115	1.1621	1.2547	0.2394
18:38	0.2690	1.1811	1.2663	0.2348
18:39	0.2832	1.1024	1.2105	0.1877
18:40	0.2860	1.1239	1.2333	0.2032
18:41	0.2927	1.1419	1.2850	0.2530
18:42	0.2947	1.1702	1.2755	0.2551
18:43	0.2987	1.1329	1.2584	0.2315
18:44	0.3334	1.2203	1.3255	0.2863
18:45	0.2566	1.1316	1.2483	0.2198
18:46	0.2277	1.0891	1.2174	0.2042
18:47	0.2011	1.1206	1.2343	0.2193
18:48	0.2499	1.0787	1.2604	0.2368
18:49	0.2688	1.1363	1.2797	0.2523
18:50	0.2388	1.1794	1.2806	0.2628
18:51	0.2728	1.1489	1.2951	0.2770
18:52	0.2960	1.2415	1.3553	0.3397
18:53	0.3211	1.2411	1.3956	0.3729
18:54	0.3198	1.2647	1.3708	0.3436
18:55	0.3053	1.1904	1.3365	0.3161
18:56	0.3242	1.1958	1.3257	0.2998
18:57	0.3455	1.2321	1.3663	0.3385
18:58	0.3408	1.2079	1.3458	0.3082
18:59	0.2604	1.0970	1.2638	0.2406
19:00	0.3175	1.1604	1.3122	0.2701
19:01	0.2996	1.1811	1.3017	0.2580
19:02	0.2685	1.1176	1.2263	0.1862
19:03	0.2827	1.1054	1.1877	0.1632
19:04	0.2569	1.0638	1.1487	0.1131
19:05	0.2851	1.0319	1.1622	0.1477
19:06	0.2821	1.0297	1.1672	0.1580
19:07	0.2536	1.0147	1.1156	0.1339
19:08	0.2338	0.9941	1.1182	0.1534
19:09	0.2742	1.0000	1.1319	0.1532
19:10	0.2947	1.0539	1.1454	0.1592
19:11	0.2698	1.0687	1.1554	0.1655
19:12	0.2702	1.0575	1.1700	0.1660
19:13	0.2530	1.0229	1.1139	0.1357
19:14	0.2458	1.0291	1.1210	0.1305
19:15	0.2661	0.9770	1.0987	0.1178
19:16	0.2898	0.9521	1.0975	0.1075
19:17	0.2279	1.0046	1.1259	0.1413
19:18	0.1823	1.0195	1.1206	0.1410
19:19	0.2175	1.0449	1.1416	0.1429
19:20	0.2344	1.0289	1.1619	0.1429
19:21	0.2023	1.0143	1.1252	0.1233
19:22	0.2286	1.0167	1.1467	0.1279
19:23	0.2456	1.0010	1.1516	0.1660
19:24	0.2652	1.0862	1.1939	0.2015
19:25	0.2696	1.0694	1.2071	0.2120
19:26	0.2565	1.0741	1.2306	0.2447
19:27	0.2907	1.1164	1.2447	0.2449
19:28	0.2935	1.1492	1.3112	0.2810
19:29	0.2482	1.1963	1.2742	0.2421
19:30	0.2336	1.1951	1.3246	0.3168
19:31	0.2801	1.1998	1.3732	0.3465
19:32	0.3315	1.2960	1.4397	0.4131
19:33	0.3070	1.2392	1.4079	0.3768
19:34	0.2545	1.2242	1.3279	0.2761
19:35	0.2819	1.1476	1.2625	0.1736
19:36	0.2663	1.0938	1.2520	0.1028
19:37	0.2445	1.0836	1.2311	0.1709
19:38	0.2495	1.1044	1.2233	0.1203
19:39	0.2712	1.1075	1.2499	0.1139
19:40	0.2200	1.1343	1.2218	0.0872
19:41	0.1925	1.0879	1.1999	0.0401
19:42	0.2072	1.0347	1.1830	0.0635
19:43	0.2034	1.0565	1.1970	0.0604
19:44	0.2803	1.0483	1.2490	0.0385
19:45	0.2764	1.1402	1.2573	0.0574
19:46	0.2774	1.1039	1.2406	0.0999
19:47	0.2136	1.0882	1.2121	0.0594
19:48	0.2083	1.0583	1.2144	0.0613
19:49	0.2405	1.1329	1.2340	0.0354
19:50	0.2517	1.0858	1.2133	0.0141
19:51	0.1908	1.0540	1.1768	0.0178
19:52	0.1623	1.1213	1.2892	0.0327
19:53	0.1311	1.0277	1.1748	0.0606
19:54	0.1387	1.0568	1.1592	0.0555
19:55	0.1228	1.0055	1.1280	0.0417
19:56	0.1186	1.0504	1.1651	0.0533
19:57	0.1448	1.0332	1.1814	0.0547
19:58	0.1420	0.9967	1.1480	0.0503
19:59	0.1424	1.0067	1.1258	0.0325
20:00	0.1721	1.0247	1.1413	0.0445
20:01	0.2170	1.0543	1.1523	0.0479
20:02	0.1822	1.0535	1.1551	0.0402
20:03	0.2689	1.1659	1.2738	0.0201
20:04	0.3131	1.1722	1.2645	0.0174
20:05	0.3325	1.1389	1.2866	0.0279
20:06	0.3211	1.0989	1.2636	0.0031
20:07	0.3346	1.1635	1.2820	0.0218
20:08	0.2893	1.1053	1.2112	0.0072
20:09	0.2294	1.0836	1.1821	0.0057
20:10	0.2179	1.0737	1.1879	0.0053
20:11	0.2785	1.1169	1.2316	0.0070
20:12	0.3598	1.1560	1.2670	0.0011
20:13	0.2833	1.1595	1.2580	0.0157
20:14	0.3361	1.1589	1.2723	0.0120
20:15	0.2418	1.1740	1.2594	0.0183
20:16	0.2324	1.1244	1.2715	0.0056
20:17	0.3474	1.1752	1.3004	0.0062
20:18	0.2862	1.2116	1.2776	0.0046
20:19	0.3330	1.1767	1.3086	0.0058
20:20	0.4757	1.2525	1.3680	0.0057
20:21	0.5200	1.2793	1.3966	0.0045
20:22	0.4594	1.2376	1.3637	0.0067
20:23	0.4903	1.2728	1.3735	0.0071
20:24	0.5217	1.2952	1.4140	0.0116
20:25	0.4591	1.2397	1.3907	0.0146
20:26	0.4824	1.2020	1.4195	0.0058
20:27	0.4559	1.2687	1.4057	0.0189
20:28	0.4877	1.2825	1.4441	0.0242
20:29	0.4570	1.2830	1.4215	0.0187
20:30	0.4449	1.2566	1.4075	0.0272
20:31	0.4538	1.2698	1.3980	0.0078
20:32	0.5303	1.3173	1.4328	0.0148
20:33	0.4745	1.2777	1.4284	0.0146
20:34	0.4875	1.3518	1.4907	0.0338
20:35	0.5236	1.3551	1.4875	0.0550
20:36	0.5287	1.3282	1.5139	0.0711
20:37	0.5379	1.3778	1.4924	0.0598
20:38	0.5416	1.4698	1.5471	0.0788
20:39	0.5525	1.3963	1.5501	0.1050
20:40	0.5285	1.3316	1.4900	0.0839
20:41	0.5230	1.3234	1.4720	0.0554
20:42	0.5354	1.3503	1.5070	0.0643
20:43	0.5635	1.3628	1.4994	0.0679
20:44	0.5472	1.3421	1.5151	0.0773
20:45	0.5221	1.3139	1.4862	0.0713
20:46	0.5445	1.3921	1.5138	0.1022
20:47	0.5131	1.3848	1.5249	0.1073
20:48	0.5367	1.3674	1.5589	0.1268
20:49	0.5788	1.4320	1.5663	0.1214
20:50	0.5942	1.4082	1.5738	0.1652
20:51	0.5775	1.4099	1.6046	0.1602
20:52	0.6480	1.4834	1.6460	0.1958
20:53	0.6286	1.4497	1.6105	0.1693
20:54	0.5858	1.4227	1.5727	0.1685
20:55	0.6047	1.3950	1.5599	0.1509
20:56	0.5450	1.4163	1.5242	0.0894
20:57	0.5647	1.3221	1.4754	0.0634
20:58	0.5250	1.3477	1.4694	0.0712
20:59	0.5467	1.2987	1.4738	0.0641
21:00	0.5171	1.3815	1.4713	0.0579
21:01	0.5233	1.3477	1.4683	0.0650
21:02	0.5339	1.2833	1.4378	0.0524
21:03	0.5264	1.3011	1.4401	0.0725
21:04	0.4985	1.3073	1.4479	0.0642
21:05	0.4409	1.2501	1.4288	0.0594
21:06	0.3837	1.3123	1.4394	0.0685
21:07	0.4040	1.2866	1.4437	0.0825
21:08	0.4136	1.3231	1.4456	0.0687
21:09	0.4035	1.2792	1.4148	0.0445
21:10	0.3970	1.2743	1.4117	0.0586
21:11	0.4074	1.2891	1.3908	0.0496
21:12	0.3868	1.2526	1.4039	0.0448
21:13	0.4095	1.2719	1.4127	0.0485
21:14	0.3583	1.2754	1.3885	0.0393
21:15	0.3536	1.2419	1.3810	0.0260
21:16	0.3701	1.2458	1.3822	0.0260
21:17	0.3590	1.2738	1.3961	0.0472
21:18	0.2871	1.1788	1.3014	0.0360
21:19	0.2536	1.1337	1.3043	0.0474
21:20	0.2623	1.1469	1.2802	0.0444
21:21	0.2505	1.2062	1.2915	0.0375
21:22	0.2493	1.1993	1.3022	0.0431
21:23	0.2583	1.1921	1.2979	0.0448
21:24	0.2548	1.1629	1.2847	0.0473
21:25	0.2447	1.1859	1.2866	0.0406
21:26	0.2771	1.1363	1.2897	0.0483
21:27	0.3145	1.1866	1.3109	0.0735
21:28	0.3231	1.2070	1.3131	0.0970
21:29	0.3275	1.2699	1.3826	0.1606
21:30	0.3549	1.2887	1.4505	0.2090
21:31	0.3563	1.3511	1.4607	0.2300
21:32	0.3591	1.3005	1.4556	0.2210
21:33	0.3505	1.2706	1.4108	0.1994
21:34	0.3204	1.2358	1.4129	0.1953
21:35	0.3191	1.2924	1.4170	0.1842
21:36	0.3519	1.2922	1.4192	0.2315
21:37	0.3246	1.2737	1.3935	0.1906
21:38	0.3547	1.2197	1.3879	0.1721
21:39	0.3511	1.2816	1.3977	0.1714
21:40	0.3642	1.2566	1.3811	0.1808
21:41	0.3401	1.2528	1.3683	0.1634
21:42	0.3311	1.2861	1.3676	0.1735
21:43	0.3343	1.2556	1.3495	0.1475
21:44	0.3280	1.2582	1.3753	0.1574
21:45	0.3424	1.2985	1.3754	0.1699
21:46	0.3517	1.2812	1.3705	0.1646
21:47	0.3283	1.2522	1.3627	0.1483
21:48	0.3615	1.2336	1.3830	0.1803
21:49	0.3575	1.2921	1.4010	0.1859
21:50	0.3507	1.2308	1.3708	0.1722
21:51	0.3575	1.2709	1.3790	0.1866
21:52	0.3355	1.2048	1.3673	0.1615
21:53	0.3303	1.2093	1.3303	0.1250
21:54	0.3310	1.2292	1.3224	0.0921
21:55	0.3219	1.2001	1.3256	0.1121
21:56	0.3322	1.1780	1.3160	0.1055
21:57	0.3348	1.2407	1.3170	0.1274
21:58	0.3577	1.2109	1.3218	0.1216
21:59	0.3357	1.1939	1.3261	0.1268
22:00	0.4023	1.2911	1.4015	0.2114
22:01	0.3442	1.2701	1.3711	0.1626
22:02	0.3490	1.2686	1.3541	0.1578
22:03	0.3723	1.2272	1.3762	0.1709
22:04	0.4047	1.3149	1.4064	0.2160
22:05	0.3969	1.3070	1.4183	0.2156
22:06	0.4199	1.3558	1.4714	0.2594
22:07	0.4273	1.3351	1.4418	0.2586
22:08	0.4214	1.3658	1.4894	0.2969
22:09	0.4261	1.3347	1.4936	0.3017
22:10	0.4418	1.3640	1.4988	0.2928
22:11	0.4315	1.3852	1.5362	0.3284
22:12	0.4192	1.4779	1.5652	0.3499
22:13	0.4511	1.3538	1.5126	0.2933
22:14	0.4326	1.3335	1.4961	0.2957
22:15	0.4306	1.4180	1.5066	0.3177
22:16	0.4146	1.3389	1.4539	0.2500
22:17	0.4209	1.3025	1.4656	0.2507
22:18	0.4078	1.3256	1.4589	0.2481
22:19	0.4114	1.3491	1.4345	0.2511
22:20	0.4101	1.3619	1.4520	0.2353
22:21	0.4238	1.3219	1.4812	0.2520
22:22	0.3933	1.3574	1.4242	0.2105
22:23	0.3951	1.3165	1.4288	0.2087
22:24	0.4390	1.3823	1.4904	0.2280
22:25	0.5294	1.4474	1.5455	0.2111
22:26	0.5469	1.4489	1.5594	0.2099
22:27	0.5592	1.4312	1.5868	0.2336
22:28	0.5626	1.4112	1.5344	0.2057
22:29	0.5759	1.4496	1.5485	0.2206
22:30	0.5625	1.3812	1.5186	0.1958
22:31	0.5726	1.4085	1.5189	0.1851
22:32	0.5987	1.4184	1.4906	0.1575
22:33	0.5881	1.3748	1.5138	0.1426
22:34	0.7105	1.4893	1.5894	0.1770
22:35	0.7700	1.4460	1.5698	0.1720
22:36	0.7960	1.4564	1.5850	0.1568
22:37	0.8023	1.4310	1.5735	0.1522
22:38	0.7931	1.4266	1.5628	0.1643
22:39	0.7625	1.4269	1.5736	0.1645
22:40	0.7818	1.4793	1.5821	0.1274
22:41	0.7799	1.4871	1.6420	0.1752
22:42	0.8172	1.5187	1.6600	0.1981
22:43	0.7850	1.5662	1.7392	0.2630
22:44	0.6645	1.6171	1.7827	0.2865
22:45	0.6066	1.7147	1.8687	0.3264
22:46	0.6422	1.5913	1.7962	0.2660
22:47	0.7132	1.6054	1.7346	0.2081
22:48	0.3944	1.5800	1.7271	0.2529
22:49	0.4007	1.5293	1.6554	0.2186
22:50	0.5522	1.4908	1.6394	0.2065
22:51	0.5810	1.5397	1.6518	0.1947
22:52	0.5664	1.4493	1.5957	0.1574
22:53	0.5483	1.4780	1.6101	0.1501
22:54	0.5101	1.5468	1.6663	0.1721
22:55	0.6632	1.5375	1.6455	0.1211
22:56	0.6772	1.5202	1.6661	0.1456
22:57	0.6800	1.5179	1.6528	0.1339
22:58	0.5479	1.5491	1.6489	0.1483
22:59	0.5409	1.5060	1.6537	0.2259
23:00	0.5292	1.5597	1.6703	0.2171
23:01	0.4776	1.4822	1.6727	0.2177
23:02	0.4841	1.5091	1.6422	0.2367
23:03	0.5310	1.5041	1.6527	0.2498
23:04	0.4616	1.4820	1.6153	0.1894
23:05	0.4265	1.4141	1.5381	0.1254
23:06	0.4368	1.3742	1.5321	0.0854
23:07	0.4575	1.3971	1.5332	0.0659
23:08	0.4494	1.3856	1.5360	0.0898
23:09	0.4911	1.3749	1.5348	0.1015
23:10	0.5341	1.4565	1.5854	0.1248
23:11	0.5090	1.3979	1.5992	0.1594
23:12	0.5448	1.4801	1.6199	0.1874
23:13	0.5873	1.5704	1.7031	0.2843
23:14	0.6297	1.5913	1.7482	0.3146
23:15	0.6305	1.6782	1.8225	0.3711
23:16	0.6832	1.7821	1.9194	0.4708
23:17	0.7050	1.7737	1.9804	0.5128
23:18	0.8178	1.9377	2.1751	0.6516
23:19	0.9264	2.2422	2.4646	0.8861
23:20	1.0535	2.4802	2.7459	1.1630
23:21	1.1794	2.6422	2.9199	1.3461
23:22	1.3464	2.7125	2.9479	1.4289
23:23	1.3614	2.6381	2.9364	1.4564
23:24	1.3414	2.6453	2.9207	1.5097
23:25	1.3071	2.5569	2.8276	1.4965
23:26	1.2682	2.5275	2.7645	1.4513
23:27	1.2260	2.4915	2.7100	1.3941
23:28	1.1845	2.3816	2.6389	1.3346
23:29	1.1673	2.3415	2.6016	1.3266
23:30	1.1689	2.4077	2.6286	1.3606
23:31	1.1352	2.3630	2.5912	1.3163
23:32	1.0738	2.2246	2.4060	1.1699
23:33	1.0537	2.1496	2.2941	1.0419
23:34	0.9788	1.9829	2.1775	0.9251
23:35	0.9204	1.9474	2.0666	0.8063
23:36	0.8629	1.8670	1.9941	0.7244
23:37	0.8239	1.7585	1.8999	0.6525
23:38	0.7794	1.7061	1.8441	0.5885
23:39	0.7460	1.6425	1.8177	0.5560
23:40	0.7405	1.6011	1.7796	0.5349
23:41	0.7094	1.5623	1.7436	0.4965
23:42	0.6656	1.5599	1.7084	0.4519
23:43	0.6371	1.5448	1.6923	0.4166
23:44	0.6109	1.5080	1.6560	0.3978
23:45	0.6094	1.5071	1.6097	0.3594
23:46	0.5962	1.4143	1.5692	0.3252
23:47	0.5645	1.4088	1.5207	0.2637
23:48	0.5395	1.3753	1.4922	0.2441
23:49	0.5169	1.3592	1.4556	0.2226
23:50	0.5082	1.3228	1.4262	0.1940
23:51	0.4932	1.2825	1.4121	0.1790
23:52	0.4969	1.2785	1.3974	0.1595
23:53	0.4671	1.2833	1.3833	0.1447
23:54	0.4760	1.2856	1.3742	0.1302
23:55	0.5228	1.2877	1.3697	0.1317
23:56	0.5173	1.2517	1.3623	0.1143
23:57	0.4974	1.2004	1.3413	0.0886
23:58	0.4969	1.2324	1.3230	0.0910
23:59	0.4885	1.1582	1.3112	0.0821
