Minute	Att_Channel-1	Att_Channel-2	Att_Channel-3	Att_Channel-4
00:00	0.1021	0.9678	0.9503	0.2694
00:01	0.1304	0.9152	0.9380	0.2839
00:02	0.1007	0.9249	0.9397	0.2763
00:03	0.1443	0.8360	0.9100	0.2620
00:04	0.1280	0.9129	0.9315	0.2766
00:05	0.1314	0.9303	0.9521	0.2867
00:06	0.1416	0.9397	0.9461	0.2864
00:07	0.1657	0.9444	0.9456	0.2913
00:08	0.1238	0.9464	0.9522	0.2840
00:09	0.1743	0.9215	0.9485	0.3051
00:10	0.1614	0.9579	0.9490	0.2983
00:11	0.1484	0.9492	0.9683	0.3071
00:12	0.1731	0.9681	0.9694	0.3122
00:13	0.1900	0.9758	0.9651	0.3002
00:14	0.1848	0.9488	0.9751	0.3115
00:15	0.1597	0.9654	0.9554	0.3044
00:16	0.1535	0.9713	0.9559	0.3034
00:17	0.1595	0.9900	0.9886	0.3309
00:18	0.1582	0.9532	0.9696	0.3265
00:19	0.0911	0.9084	0.9317	0.3049
00:20	0.0869	0.9166	0.9315	0.3036
00:21	0.0956	0.9578	0.9710	0.3275
00:22	0.0770	0.9116	0.9464	0.3006
00:23	0.0921	0.9275	0.9473	0.2993
00:24	0.0702	0.9757	0.9530	0.2956
00:25	0.0745	0.9312	0.9502	0.3064
00:26	0.0679	0.8819	0.9289	0.3030
00:27	0.0782	0.9403	0.9513	0.3151
00:28	0.0594	0.9549	0.9430	0.2881
00:29	0.0373	0.8846	0.9331	0.3211
00:30	0.0304	0.9147	0.9137	0.2852
00:31	0.0277	0.9639	0.9229	0.3057
00:32	0.0373	0.9047	0.9061	0.2971
00:33	0.0227	0.8818	0.8993	0.3043
00:34	0.0252	0.8823	0.9185	0.3080
00:35	0.0335	0.9238	0.9201	0.3051
00:36	0.0396	0.8714	0.9108	0.2886
00:37	0.0886	0.8612	0.8799	0.2929
00:38	0.0441	0.8692	0.8894	0.2963
00:39	0.0428	0.9328	0.8899	0.3054
00:40	0.0581	0.8816	0.8731	0.2891
00:41	0.0383	0.8632	0.8743	0.2832
00:42	0.0610	0.8569	0.8711	0.2923
00:43	0.0693	0.9071	0.9058	0.3012
00:44	0.0485	0.8988	0.8984	0.2987
00:45	0.0758	0.9018	0.9023	0.3279
00:46	0.0922	0.9517	0.9270	0.3211
00:47	0.0763	0.8911	0.9071	0.3134
00:48	0.0961	0.8499	0.8888	0.3076
00:49	0.1056	0.9377	0.9033	0.3254
00:50	0.0968	0.9173	0.8910	0.3197
00:51	0.0818	0.8967	0.9050	0.3255
00:52	0.1272	0.9294	0.9006	0.3316
00:53	0.1128	0.9047	0.9054	0.3218
00:54	0.1332	0.9181	0.9029	0.3281
00:55	0.1109	0.8478	0.8848	0.3227
00:56	0.1259	0.8743	0.8911	0.3296
00:57	0.1343	0.8808	0.8918	0.3214
00:58	0.1274	0.8759	0.8932	0.3348
00:59	0.1615	0.8980	0.9035	0.3425
01:00	0.1338	0.8873	0.9027	0.3357
01:01	0.1474	0.9301	0.9193	0.3507
01:02	0.1446	0.9237	0.8675	0.3204
01:03	0.1573	0.8990	0.8926	0.3387
01:04	0.1482	0.8859	0.9071	0.3695
01:05	0.1613	0.8953	0.8910	0.3589
01:06	0.1644	0.8550	0.8819	0.3566
01:07	0.1604	0.9046	0.8958	0.3625
01:08	0.1561	0.8532	0.8856	0.3608
01:09	0.1634	0.8723	0.8912	0.3592
01:10	0.1792	0.8908	0.8940	0.3578
01:11	0.1785	0.8889	0.8713	0.3399
01:12	0.1698	0.8751	0.8900	0.3450
01:13	0.1682	0.8768	0.8737	0.3611
01:14	0.1563	0.8512	0.8771	0.3582
01:15	0.1732	0.8915	0.8780	0.3619
01:16	0.2127	0.8730	0.8764	0.3685
01:17	0.2011	0.8757	0.8891	0.3821
01:18	0.1619	0.8594	0.8778	0.3540
01:19	0.1912	0.9008	0.8860	0.3759
01:20	0.1438	0.8610	0.8893	0.3589
01:21	0.1693	0.9302	0.9184	0.3855
01:22	0.1841	0.8709	0.8800	0.3647
01:23	0.1635	0.8493	0.8699	0.3598
01:24	0.1929	0.8936	0.8868	0.3843
01:25	0.1593	0.8787	0.8524	0.3629
01:26	0.1739	0.8803	0.8785	0.3683
01:27	0.1863	0.8608	0.8509	0.3682
01:28	0.1865	0.8537	0.8708	0.3650
01:29	0.1834	0.8652	0.8673	0.3741
01:30	0.1900	0.8559	0.8514	0.3747
01:31	0.1772	0.8315	0.8493	0.3721
01:32	0.1536	0.8885	0.8621	0.3948
01:33	0.1695	0.8388	0.8473	0.3803
01:34	0.1567	0.8545	0.8159	0.3604
01:35	0.1683	0.7829	0.8335	0.3889
01:36	0.1537	0.8446	0.8191	0.3653
01:37	0.1962	0.8310	0.8392	0.3898
01:38	0.1912	0.8744	0.8526	0.4008
01:39	0.1798	0.8371	0.8395	0.3985
01:40	0.1888	0.8556	0.8570	0.3958
01:41	0.2184	0.8436	0.8673	0.4118
01:42	0.1576	0.8838	0.8581	0.4068
01:43	0.1396	0.8015	0.8149	0.4006
01:44	0.1419	0.8371	0.8373	0.4120
01:45	0.1782	0.8369	0.8594	0.4138
01:46	0.1478	0.8871	0.8401	0.3953
01:47	0.1572	0.8408	0.8431	0.4088
01:48	0.1266	0.9073	0.8551	0.4109
01:49	0.1175	0.8894	0.8429	0.4076
01:50	0.1402	0.8601	0.8363	0.4027
01:51	0.1375	0.8245	0.8454	0.4085
01:52	0.1248	0.7845	0.8068	0.4070
01:53	0.1428	0.8523	0.8657	0.4232
01:54	0.1543	0.8877	0.8439	0.4232
01:55	0.1482	0.8794	0.8607	0.4347
01:56	0.1755	0.8282	0.8458	0.4351
01:57	0.1599	0.8529	0.8555	0.4268
01:58	0.1784	0.8452	0.8632	0.4166
01:59	0.1722	0.8702	0.8617	0.4481
02:00	0.1897	0.8168	0.8388	0.4357
02:01	0.1713	0.8483	0.8418	0.4286
02:02	0.1848	0.8415	0.8390	0.4311
02:03	0.2022	0.8502	0.8602	0.4501
02:04	0.1744	0.8290	0.8339	0.4400
02:05	0.1662	0.8042	0.8246	0.4374
02:06	0.2008	0.8506	0.8534	0.4519
02:07	0.1983	0.8532	0.8361	0.4396
02:08	0.1938	0.8058	0.8347	0.4379
02:09	0.2074	0.8622	0.8423	0.4411
02:10	0.2082	0.8180	0.8262	0.4419
02:11	0.2145	0.8040	0.8319	0.4488
02:12	0.2302	0.8314	0.8442	0.4626
02:13	0.2263	0.8462	0.8323	0.4606
02:14	0.2088	0.8558	0.8482	0.4469
02:15	0.2340	0.8232	0.8248	0.4725
02:16	0.2104	0.8309	0.8259	0.4597
02:17	0.2192	0.8325	0.8547	0.4760
02:18	0.2177	0.8002	0.8336	0.4780
02:19	0.2562	0.8429	0.8289	0.4671
02:20	0.2343	0.8514	0.8551	0.4840
02:21	0.2373	0.7809	0.8287	0.4669
02:22	0.2318	0.8110	0.8372	0.4722
02:23	0.2352	0.7668	0.8296	0.4828
02:24	0.2313	0.7293	0.8125	0.4780
02:25	0.2519	0.7950	0.8342	0.4939
02:26	0.2295	0.7649	0.8049	0.4807
02:27	0.2347	0.7908	0.8161	0.4873
02:28	0.2068	0.8071	0.8210	0.4836
02:29	0.2422	0.7980	0.8367	0.5018
02:30	0.2062	0.8167	0.8173	0.4852
02:31	0.2224	0.7944	0.8167	0.4998
02:32	0.2239	0.8178	0.8109	0.4913
02:33	0.2303	0.7640	0.8181	0.4972
02:34	0.2312	0.7569	0.8063	0.4978
02:35	0.2180	0.7544	0.8014	0.4937
02:36	0.2153	0.7337	0.7902	0.4972
02:37	0.2271	0.7324	0.8070	0.4940
02:38	0.2301	0.7615	0.7814	0.4990
02:39	0.2211	0.7380	0.7896	0.5071
02:40	0.2356	0.7530	0.7913	0.5090
02:41	0.2683	0.8048	0.7895	0.5215
02:42	0.2463	0.7885	0.7899	0.5174
02:43	0.2401	0.7618	0.7854	0.5345
02:44	0.2082	0.7827	0.8047	0.5177
02:45	0.2471	0.8186	0.7996	0.5385
02:46	0.2454	0.7727	0.8068	0.5454
02:47	0.2661	0.7847	0.7977	0.5385
02:48	0.2567	0.7739	0.7959	0.5324
02:49	0.2650	0.7604	0.7892	0.5503
02:50	0.2575	0.7877	0.7891	0.5492
02:51	0.2173	0.7200	0.7830	0.5281
02:52	0.2391	0.7458	0.7958	0.5471
02:53	0.2226	0.7539	0.7721	0.5432
02:54	0.2316	0.7933	0.7790	0.5371
02:55	0.2275	0.7464	0.7831	0.5417
02:56	0.2651	0.7487	0.7943	0.5524
02:57	0.2460	0.7090	0.7731	0.5468
02:58	0.2406	0.7579	0.7676	0.5404
02:59	0.2742	0.7638	0.7639	0.5465
03:00	0.2506	0.7469	0.7806	0.5470
03:01	0.2673	0.7490	0.7770	0.5458
03:02	0.2420	0.7405	0.7694	0.5390
03:03	0.2637	0.7605	0.7748	0.5651
03:04	0.2575	0.7094	0.7404	0.5389
03:05	0.2617	0.7278	0.7681	0.5505
03:06	0.2429	0.7406	0.7566	0.5496
03:07	0.2480	0.7089	0.7654	0.5614
03:08	0.2310	0.7121	0.7774	0.5718
03:09	0.2469	0.7873	0.7787	0.5757
03:10	0.2430	0.7809	0.7770	0.5683
03:11	0.2689	0.7012	0.7515	0.5561
03:12	0.2592	0.7414	0.7698	0.5746
03:13	0.2709	0.7524	0.7750	0.5684
03:14	0.2465	0.7479	0.7650	0.5733
03:15	0.2624	0.7620	0.7574	0.5684
03:16	0.2474	0.7457	0.7654	0.5813
03:17	0.2629	0.7671	0.7663	0.5964
03:18	0.2456	0.7802	0.7725	0.6076
03:19	0.2547	0.7727	0.7809	0.6051
03:20	0.2607	0.7067	0.7598	0.6100
03:21	0.2710	0.7664	0.7687	0.6026
03:22	0.2461	0.7579	0.7771	0.6221
03:23	0.2615	0.7347	0.7665	0.6282
03:24	0.2520	0.7268	0.7650	0.6137
03:25	0.2829	0.7183	0.7636	0.6214
03:26	0.2618	0.7000	0.7479	0.6141
03:27	0.2445	0.7128	0.7479	0.6061
03:28	0.2299	0.7237	0.7284	0.5919
03:29	0.2599	0.7177	0.7485	0.6183
03:30	0.2350	0.6852	0.7099	0.6068
03:31	0.2637	0.7181	0.7324	0.6175
03:32	0.2787	0.7317	0.7293	0.6416
03:33	0.2814	0.7344	0.7307	0.6400
03:34	0.2827	0.7267	0.7469	0.6337
03:35	0.2517	0.6963	0.7233	0.6352
03:36	0.2531	0.7099	0.7153	0.6170
03:37	0.2579	0.7292	0.7261	0.6378
03:38	0.2510	0.7022	0.7360	0.6473
03:39	0.2479	0.6908	0.7248	0.6383
03:40	0.2475	0.6688	0.7183	0.6328
03:41	0.2867	0.6921	0.7388	0.6580
03:42	0.2774	0.7126	0.7169	0.6529
03:43	0.2741	0.7560	0.7403	0.6468
03:44	0.3004	0.6928	0.7204	0.6506
03:45	0.2878	0.6681	0.7099	0.6508
03:46	0.2687	0.6975	0.6983	0.6630
03:47	0.2999	0.6717	0.7099	0.6627
03:48	0.2571	0.6821	0.7152	0.6686
03:49	0.2784	0.6731	0.6929	0.6580
03:50	0.2987	0.6843	0.6783	0.6711
03:51	0.2931	0.6503	0.6766	0.6600
03:52	0.2574	0.6538	0.6869	0.6553
03:53	0.2762	0.6696	0.6670	0.6526
03:54	0.2705	0.6860	0.6817	0.6652
03:55	0.3009	0.6553	0.6695	0.6637
03:56	0.2833	0.6853	0.6699	0.6593
03:57	0.2601	0.6583	0.6679	0.6627
03:58	0.2903	0.6420	0.6908	0.6861
03:59	0.2742	0.6428	0.6703	0.6802
04:00	0.2972	0.6578	0.6610	0.6787
04:01	0.2793	0.6260	0.6742	0.6898
04:02	0.2884	0.6878	0.6650	0.6888
04:03	0.2719	0.6541	0.6592	0.6740
04:04	0.2757	0.6837	0.6681	0.6924
04:05	0.2577	0.6439	0.6537	0.6916
04:06	0.2738	0.6581	0.6431	0.6942
04:07	0.2942	0.6456	0.6753	0.7076
04:08	0.2822	0.6386	0.6603	0.6950
04:09	0.2674	0.6638	0.6631	0.7117
04:10	0.2780	0.6646	0.6625	0.7036
04:11	0.2658	0.6763	0.6827	0.7144
04:12	0.2695	0.6371	0.6589	0.7077
04:13	0.2813	0.6602	0.6594	0.7126
04:14	0.2873	0.6023	0.6539	0.7066
04:15	0.2762	0.6511	0.6483	0.7045
04:16	0.2931	0.6476	0.6676	0.7150
04:17	0.3108	0.6336	0.6632	0.7167
04:18	0.3153	0.5874	0.6392	0.7055
04:19	0.2997	0.6279	0.6260	0.7161
04:20	0.2903	0.6597	0.6468	0.7130
04:21	0.3040	0.6296	0.6467	0.7307
04:22	0.3056	0.6426	0.6359	0.7161
04:23	0.2714	0.6334	0.6298	0.7207
04:24	0.2950	0.6483	0.6490	0.7391
04:25	0.2944	0.6389	0.6423	0.7347
04:26	0.2943	0.6319	0.6397	0.7396
04:27	0.2967	0.6549	0.6376	0.7417
04:28	0.3215	0.5740	0.6110	0.7450
04:29	0.3005	0.6399	0.6221	0.7397
04:30	0.3175	0.6139	0.6454	0.7507
04:31	0.3166	0.6409	0.6157	0.7388
04:32	0.2977	0.6336	0.6159	0.7449
04:33	0.3110	0.6250	0.6130	0.7524
04:34	0.3033	0.6000	0.6069	0.7320
04:35	0.3108	0.6334	0.6113	0.7469
04:36	0.3217	0.6047	0.6096	0.7690
04:37	0.2998	0.5942	0.6164	0.7656
04:38	0.3050	0.6075	0.5955	0.7635
04:39	0.3158	0.6085	0.5853	0.7691
04:40	0.2958	0.5620	0.5891	0.7732
04:41	0.3288	0.5827	0.5838	0.7676
04:42	0.3186	0.5909	0.5999	0.7882
04:43	0.3300	0.5697	0.5956	0.7826
04:44	0.3469	0.6320	0.5897	0.7942
04:45	0.3221	0.5959	0.5917	0.7762
04:46	0.3311	0.6222	0.5980	0.7910
04:47	0.3319	0.5988	0.6054	0.7904
04:48	0.3453	0.5634	0.6053	0.8112
04:49	0.3309	0.5907	0.6177	0.8124
04:50	0.3202	0.5624	0.5913	0.7886
04:51	0.3428	0.6014	0.6032	0.8164
04:52	0.6331	1.7917	1.9306	0.7881
04:53	0.2928	0.5645	0.5911	0.7919
04:54	0.3038	0.5862	0.5923	0.7914
04:55	0.3081	0.5845	0.5801	0.8088
04:56	0.3190	0.5584	0.5673	0.7846
04:57	0.3199	0.5843	0.5874	0.8161
04:58	0.3157	0.5275	0.5570	0.8020
04:59	0.3169	0.5668	0.5728	0.8066
05:00	0.2930	0.5674	0.5633	0.8156
05:01	0.3441	0.5337	0.5459	0.8201
05:02	0.3485	0.5893	0.5584	0.8243
05:03	0.3337	0.5234	0.5578	0.8346
05:04	0.3141	0.5387	0.5600	0.8343
05:05	0.3487	0.5536	0.5634	0.8522
05:06	0.3202	0.5529	0.5687	0.8309
05:07	0.3367	0.5719	0.5698	0.8527
05:08	0.3255	0.5341	0.5556	0.8357
05:09	0.3371	0.5639	0.5626	0.8511
05:10	0.3427	0.5248	0.5423	0.8473
05:11	0.3282	0.5840	0.5484	0.8469
05:12	0.3026	0.5418	0.5413	0.8495
05:13	0.3147	0.5115	0.5374	0.8390
05:14	0.3166	0.5031	0.5495	0.8477
05:15	0.3197	0.5701	0.5649	0.8753
05:16	0.3165	0.5811	0.5389	0.8493
05:17	0.3386	0.5099	0.5220	0.8559
05:18	0.3293	0.5434	0.5374	0.8561
05:19	0.3158	0.5443	0.5366	0.8645
05:20	0.3343	0.4961	0.5053	0.8621
05:21	0.3585	0.4817	0.5261	0.8861
05:22	0.3345	0.5016	0.5114	0.8814
05:23	0.3667	0.5411	0.5235	0.8924
05:24	0.3664	0.5329	0.5222	0.8780
05:25	0.3665	0.5083	0.5140	0.8818
05:26	0.3647	0.5608	0.5242	0.8869
05:27	0.3742	0.5350	0.5001	0.8724
05:28	0.3966	0.5447	0.5367	0.8970
05:29	0.3596	0.4597	0.5053	0.9018
05:30	0.3862	0.5451	0.5166	0.9032
05:31	0.3722	0.5484	0.5042	0.9036
05:32	0.3805	0.5173	0.5064	0.8972
05:33	0.3668	0.4917	0.5179	0.8890
05:34	0.3883	0.5146	0.5357	0.9119
05:35	0.3911	0.4712	0.5080	0.9038
05:36	0.3827	0.4937	0.4975	0.9018
05:37	0.3526	0.4986	0.5060	0.8921
05:38	0.3827	0.5010	0.5046	0.8990
05:39	0.3762	0.4571	0.4800	0.9017
05:40	0.3810	0.5227	0.5082	0.9187
05:41	0.3716	0.5148	0.4873	0.9145
05:42	0.3668	0.5432	0.5179	0.9359
05:43	0.3752	0.5059	0.5073	0.9264
05:44	0.3767	0.5042	0.5109	0.9363
05:45	0.3857	0.4913	0.5057	0.9520
05:46	0.3577	0.4746	0.4769	0.9272
05:47	0.3988	0.5089	0.5151	0.9688
05:48	0.3777	0.4797	0.5036	0.9551
05:49	0.3926	0.5194	0.4973	0.9594
05:50	0.3673	0.4451	0.4654	0.9301
05:51	0.3869	0.5026	0.4999	0.9639
05:52	0.4040	0.4768	0.5007	0.9821
05:53	0.4013	0.5298	0.4907	0.9702
05:54	0.3849	0.4786	0.4775	0.9495
05:55	0.3897	0.5010	0.4734	0.9629
05:56	0.3917	0.4997	0.4915	0.9600
05:57	0.4086	0.5094	0.4928	0.9789
05:58	0.3991	0.4551	0.4741	0.9658
05:59	0.4228	0.4846	0.4887	0.9802
06:00	0.4052	0.4590	0.4669	0.9706
06:01	0.4004	0.5084	0.4794	0.9841
06:02	0.4060	0.4817	0.4735	0.9838
06:03	0.3667	0.4182	0.4645	0.9850
06:04	0.4201	0.4852	0.4588	0.9656
06:05	0.4165	0.4554	0.4492	0.9636
06:06	0.4074	0.4358	0.4457	0.9596
06:07	0.4326	0.4456	0.4611	0.9798
06:08	0.4320	0.4794	0.4665	0.9814
06:09	0.4361	0.4516	0.4536	0.9882
06:10	0.4294	0.4280	0.4416	0.9797
06:11	0.4530	0.4677	0.4656	1.0116
06:12	0.4471	0.4449	0.4391	0.9952
06:13	0.4546	0.4669	0.4557	1.0069
06:14	0.4565	0.4943	0.4664	1.0260
06:15	0.4591	0.4404	0.4360	0.9882
06:16	0.4613	0.4644	0.4478	1.0170
06:17	0.4432	0.4447	0.4314	1.0018
06:18	0.4574	0.4269	0.4225	1.0057
06:19	0.4592	0.4610	0.4449	1.0177
06:20	0.4837	0.4338	0.4564	1.0439
06:21	0.4666	0.4087	0.4081	1.0056
06:22	0.4907	0.4711	0.4390	1.0375
06:23	0.5034	0.4723	0.4474	1.0483
06:24	0.4807	0.4286	0.4163	1.0259
06:25	0.4778	0.4646	0.4327	1.0433
06:26	0.4824	0.4492	0.4395	1.0484
06:27	0.4706	0.4128	0.4238	1.0403
06:28	0.4715	0.4451	0.4322	1.0466
06:29	0.4786	0.4113	0.4121	1.0310
06:30	0.4810	0.3971	0.4259	1.0491
06:31	0.4582	0.4096	0.3982	1.0261
06:32	0.4676	0.4201	0.3947	1.0495
06:33	0.4788	0.3901	0.3895	1.0426
06:34	0.4700	0.4184	0.3840	1.0591
06:35	0.4695	0.3919	0.3726	1.0493
06:36	0.4922	0.3443	0.3618	1.0596
06:37	0.5064	0.4173	0.3710	1.0652
06:38	0.4882	0.3653	0.3534	1.0584
06:39	0.4856	0.3305	0.3416	1.0686
06:40	0.5094	0.3638	0.3420	1.0771
06:41	0.5063	0.3526	0.3393	1.0756
06:42	0.5093	0.3655	0.3364	1.0719
06:43	0.5142	0.3469	0.3558	1.0835
06:44	0.5539	0.3612	0.3310	1.0895
06:45	0.5058	0.3547	0.3302	1.0763
06:46	0.5453	0.3394	0.3237	1.0857
06:47	0.5428	0.3273	0.3157	1.0903
06:48	0.5309	0.3289	0.3206	1.0867
06:49	0.5282	0.3506	0.3057	1.0915
06:50	0.5511	0.3297	0.3281	1.1268
06:51	0.5387	0.3087	0.3041	1.0892
06:52	0.5563	0.3353	0.3356	1.1048
06:53	0.5061	0.2873	0.3045	1.1167
06:54	0.5383	0.3204	0.2943	1.0801
06:55	0.5138	0.3109	0.2926	1.1011
06:56	0.5507	0.3244	0.2794	1.0950
06:57	0.5871	0.3182	0.2744	1.1070
06:58	0.5945	0.3454	0.2791	1.1151
06:59	0.6221	0.3227	0.2843	1.1334
07:00	0.5704	0.2674	0.2727	1.1120
07:01	0.5954	0.2808	0.2806	1.1316
07:02	0.5791	0.2889	0.2724	1.1435
07:03	0.6101	0.3008	0.2796	1.1542
07:04	0.6189	0.3043	0.2954	1.1557
07:05	0.6140	0.3009	0.2731	1.1424
07:06	0.6066	0.3352	0.2717	1.1480
07:07	0.6106	0.3381	0.2731	1.1431
07:08	0.5913	0.3059	0.2675	1.1420
07:09	0.5864	0.2766	0.2627	1.1592
07:10	0.6043	0.2866	0.2513	1.1567
07:11	0.6266	0.2490	0.2516	1.1656
07:12	0.6134	0.3001	0.2563	1.1503
07:13	0.6397	0.2874	0.2676	1.1827
07:14	0.6245	0.2674	0.2558	1.1692
07:15	0.6501	0.2608	0.2509	1.1603
07:16	0.6525	0.2426	0.2412	1.1753
07:17	0.6678	0.2520	0.2393	1.1873
07:18	0.6557	0.2400	0.2286	1.1855
07:19	0.6620	0.2865	0.2577	1.2126
07:20	0.6620	0.2585	0.2326	1.1985
07:21	0.6746	0.2392	0.2097	1.2012
07:22	0.6813	0.2289	0.2184	1.2155
07:23	0.6836	0.2492	0.2241	1.2201
07:24	0.6853	0.2697	0.2392	1.2157
07:25	0.6936	0.2532	0.2230	1.2180
07:26	0.7187	0.2680	0.2433	1.2459
07:27	0.7075	0.2660	0.2309	1.2494
07:28	0.7055	0.2502	0.2137	1.2408
07:29	0.7250	0.2479	0.2254	1.2615
07:30	0.7501	0.2590	0.2090	1.2394
07:31	0.7429	0.2373	0.1881	1.2463
07:32	0.7356	0.2240	0.2094	1.2587
07:33	0.7682	0.2584	0.2219	1.2780
07:34	0.7572	0.2021	0.1831	1.2638
07:35	0.7763	0.2288	0.1875	1.2574
07:36	0.7757	0.2201	0.1833	1.2688
07:37	0.7599	0.2074	0.1539	1.2704
07:38	0.7647	0.1638	0.1518	1.2748
07:39	0.8020	0.2322	0.1642	1.3025
07:40	0.8238	0.1849	0.1416	1.2728
07:41	0.8258	0.2015	0.1616	1.2801
07:42	0.8296	0.1523	0.1523	1.2957
07:43	0.8452	0.1748	0.1406	1.3081
07:44	0.8743	0.2032	0.1424	1.3250
07:45	0.8970	0.2010	0.1414	1.3338
07:46	0.8747	0.1567	0.1260	1.3196
07:47	0.8896	0.1767	0.1222	1.3077
07:48	0.8890	0.1329	0.1151	1.3193
07:49	0.9127	0.1348	0.1081	1.3193
07:50	0.9175	0.1402	0.0990	1.3124
07:51	0.9687	0.1452	0.1334	1.3515
07:52	0.9510	0.1137	0.1203	1.3604
07:53	0.9487	0.1210	0.1184	1.3650
07:54	0.9266	0.1385	0.1240	1.3673
07:55	0.9375	0.1111	0.1189	1.3577
07:56	0.9545	0.1612	0.1203	1.3756
07:57	0.9264	0.1191	0.0920	1.3694
07:58	0.9091	0.1710	0.1125	1.3819
07:59	0.9255	0.1239	0.1013	1.3896
08:00	0.9645	0.1751	0.1141	1.3772
08:01	0.9625	0.1544	0.1087	1.3962
08:02	0.9483	0.1420	0.0946	1.3696
08:03	0.9320	0.0976	0.0860	1.3851
08:04	0.9445	0.1055	0.0775	1.3895
08:05	0.9860	0.1128	0.0773	1.3986
08:06	0.9890	0.1032	0.0986	1.4325
08:07	0.9917	0.1227	0.0945	1.4327
08:08	0.9915	0.1271	0.0941	1.4431
08:09	0.9895	0.1256	0.1090	1.4388
08:10	0.9814	0.1003	0.0660	1.4222
08:11	1.0028	0.1148	0.0642	1.4203
08:12	1.0230	0.1191	0.0649	1.4312
08:13	1.0332	0.0849	0.0489	1.4363
08:14	1.0263	0.1137	0.0742	1.4347
08:15	1.0425	0.1314	0.1051	1.4564
08:16	1.0336	0.1399	0.1096	1.4676
08:17	1.0386	0.1565	0.1127	1.4815
08:18	1.0370	0.0830	0.0888	1.4804
08:19	1.0175	0.1070	0.0897	1.4676
08:20	0.9990	0.1475	0.0782	1.4858
08:21	1.0467	0.1069	0.0660	1.4759
08:22	1.0494	0.1100	0.0770	1.4657
08:23	1.0410	0.1090	0.0819	1.5039
08:24	1.0426	0.1450	0.0732	1.4854
08:25	1.0623	0.1177	0.0722	1.4923
08:26	1.0626	0.1405	0.0835	1.4812
08:27	1.0885	0.1461	0.0716	1.5088
08:28	1.0857	0.0957	0.0759	1.5229
08:29	1.0872	0.0678	0.0716	1.5044
08:30	1.0973	0.0794	0.0495	1.4949
08:31	1.0787	0.1083	0.0658	1.5216
08:32	1.0907	0.1161	0.0510	1.5114
08:33	1.1060	0.1170	0.0422	1.5491
08:34	1.1382	0.1101	0.0628	1.5490
08:35	1.1202	0.0797	0.0580	1.5481
08:36	1.1525	0.0982	0.0772	1.5613
08:37	1.1365	0.1468	0.0777	1.5742
08:38	1.1130	0.1135	0.0624	1.5707
08:39	1.1318	0.1273	0.0895	1.5926
08:40	1.1758	0.1386	0.0826	1.5683
08:41	1.2068	0.1256	0.0681	1.5669
08:42	1.1918	0.1036	0.0657	1.5733
08:43	1.2003	0.1475	0.0816	1.5808
08:44	1.1853	0.1373	0.0745	1.6061
08:45	1.1409	0.1491	0.0592	1.5758
08:46	1.1690	0.1063	0.0543	1.5953
08:47	1.1572	0.1193	0.0590	1.5923
08:48	1.1448	0.1029	0.0663	1.5991
08:49	1.1629	0.1147	0.0585	1.6116
08:50	1.1835	0.0796	0.0527	1.5954
08:51	1.1743	0.1095	0.0597	1.6087
08:52	1.1509	0.1126	0.0824	1.6159
08:53	1.1418	0.1231	0.0534	1.6331
08:54	1.1430	0.1269	0.0680	1.6383
08:55	1.1507	0.1382	0.0757	1.6537
08:56	1.1772	0.1426	0.0762	1.6656
08:57	1.1836	0.1620	0.0826	1.6754
08:58	1.1616	0.1519	0.0771	1.6691
08:59	1.1721	0.1667	0.0824	1.6623
09:00	1.1756	0.1375	0.0733	1.6549
09:01	1.1625	0.1282	0.0864	1.6882
09:02	1.1677	0.1482	0.1029	1.6962
09:03	1.1691	0.1329	0.0802	1.6771
09:04	1.1610	0.1411	0.0664	1.6600
09:05	1.1979	0.1364	0.0767	1.6994
09:06	1.1474	0.1267	0.0605	1.6731
09:07	1.1196	0.1209	0.0547	1.6584
09:08	1.1524	0.1020	0.0682	1.6847
09:09	1.1772	0.1184	0.0736	1.6864
09:10	1.1629	0.1039	0.0506	1.6933
09:11	1.2106	0.1647	0.0588	1.7034
09:12	1.1899	0.1196	0.0523	1.7016
09:13	1.2348	0.0751	0.0613	1.7056
09:14	1.1395	0.1236	0.1083	1.7553
09:15	1.1292	0.1815	0.0750	1.7131
09:16	1.1375	0.1563	0.0622	1.7052
09:17	1.1467	0.1341	0.0527	1.7078
09:18	1.1542	0.1125	0.0542	1.6980
09:19	1.1504	0.1084	0.0647	1.7191
09:20	1.1860	0.1118	0.0567	1.6792
09:21	1.1385	0.0630	0.0356	1.6731
09:22	1.1837	0.1432	0.0623	1.7109
09:23	1.2052	0.1151	0.0969	1.7485
09:24	1.2127	0.1607	0.1014	1.7722
09:25	1.2121	0.1812	0.1148	1.8003
09:26	1.2141	0.1781	0.1009	1.7494
09:27	1.1679	0.1162	0.0826	1.7700
09:28	1.2112	0.1132	0.0912	1.8077
09:29	1.2265	0.1545	0.0888	1.7560
09:30	1.2408	0.1611	0.1099	1.7811
09:31	1.2593	0.2064	0.1367	1.8088
09:32	1.1966	0.2141	0.1558	1.8084
09:33	1.1640	0.1547	0.1069	1.7698
09:34	1.1743	0.2071	0.1354	1.7977
09:35	1.1412	0.1970	0.1507	1.8021
09:36	1.1256	0.1746	0.1246	1.7784
09:37	1.1293	0.1758	0.1589	1.8022
09:38	1.1741	0.2573	0.1632	1.8380
09:39	1.1164	0.2087	0.1571	1.8100
09:40	1.1324	0.2265	0.1578	1.8080
09:41	1.0965	0.1675	0.1195	1.8017
09:42	1.0725	0.1205	0.1050	1.8098
09:43	1.0446	0.1397	0.1094	1.7834
09:44	1.0936	0.1518	0.1008	1.7644
09:45	1.0731	0.1632	0.0856	1.7406
09:46	1.0531	0.1424	0.0759	1.7478
09:47	1.0571	0.2462	0.1911	1.8486
09:48	1.0176	0.1688	0.1260	1.7695
09:49	1.0203	0.1972	0.1230	1.7575
09:50	1.0182	0.1621	0.0817	1.7195
09:51	1.0255	0.1576	0.1161	1.7557
09:52	1.0250	0.1326	0.0981	1.7763
09:53	1.0089	0.1340	0.0931	1.7457
09:54	1.0124	0.1612	0.0590	1.7245
09:55	1.0278	0.1374	0.0676	1.7640
09:56	1.0131	0.1337	0.0634	1.7551
09:57	1.0295	0.1057	0.0387	1.7245
09:58	1.0453	0.1676	0.0927	1.7468
09:59	1.0446	0.1868	0.0929	1.7845
10:00	1.0551	0.1150	0.0669	1.7483
10:01	1.0458	0.1981	0.0904	1.7465
10:02	1.0838	0.1815	0.0971	1.7715
10:03	1.0419	0.0713	0.0507	1.7255
10:04	1.0681	0.1491	0.0700	1.7570
10:05	1.0843	0.1349	0.0801	1.7803
10:06	1.0034	0.1343	0.0879	1.7418
10:07	1.1273	0.2239	0.1453	1.8087
10:08	1.0758	0.1368	0.0634	1.7455
10:09	1.0678	0.1405	0.0639	1.7411
10:10	1.0876	0.1697	0.0966	1.7763
10:11	1.0729	0.1727	0.1211	1.7761
10:12	1.0778	0.1702	0.1100	1.8155
10:13	1.0566	0.1708	0.1250	1.7923
10:14	1.0292	0.2247	0.1839	1.7945
10:15	1.0283	0.2701	0.1903	1.7945
10:16	1.0374	0.1609	0.1499	1.8194
10:17	1.0271	0.1452	0.1270	1.7744
10:18	1.0506	0.1928	0.1426	1.8008
10:19	0.9891	0.1641	0.1307	1.7773
10:20	1.0001	0.1865	0.1495	1.7802
10:21	1.0240	0.1520	0.1124	1.7919
10:22	1.0206	0.1928	0.1391	1.7688
10:23	1.0252	0.2061	0.1357	1.7779
10:24	0.9925	0.1557	0.1267	1.7710
10:25	0.9842	0.0916	0.0628	1.7025
10:26	1.0301	0.1215	0.0852	1.7551
10:27	1.0165	0.1316	0.0660	1.7148
10:28	1.0138	0.1057	0.0560	1.7291
10:29	1.0911	0.2096	0.1492	1.7867
10:30	1.0388	0.1967	0.1248	1.7958
10:31	1.0751	0.1844	0.1037	1.7992
10:32	1.0376	0.1435	0.0810	1.7541
10:33	1.0457	0.1832	0.1107	1.7777
10:34	1.0396	0.1333	0.0879	1.7623
10:35	1.0197	0.1230	0.0870	1.7371
10:36	1.0176	0.1772	0.1078	1.7439
10:37	1.0670	0.1415	0.0836	1.7439
10:38	1.0603	0.1678	0.0818	1.7424
10:39	1.0844	0.1509	0.1011	1.7716
10:40	1.0873	0.0817	0.0428	1.7268
10:41	1.0664	0.0684	0.0243	1.6942
10:42	1.1086	0.1679	0.1137	1.7523
10:43	1.1311	0.2960	0.2253	1.8492
10:44	1.1095	0.2741	0.2300	1.8541
10:45	1.1092	0.3055	0.2691	1.8767
10:46	1.1075	0.3010	0.2578	1.8695
10:47	1.0189	0.2133	0.1308	1.7598
10:48	1.0201	0.2116	0.1950	1.8076
10:49	1.0392	0.3016	0.2313	1.8107
10:50	0.9728	0.2245	0.1687	1.7703
10:51	0.9887	0.1967	0.1360	1.7520
10:52	0.9916	0.1318	0.0665	1.7221
10:53	1.0126	0.1937	0.1194	1.7570
10:54	0.9877	0.2281	0.1614	1.7807
10:55	0.9874	0.1860	0.1383	1.8019
10:56	1.0027	0.1872	0.1088	1.7900
10:57	0.9761	0.1475	0.0633	1.7466
10:58	0.9810	0.0733	0.0159	1.6967
10:59	0.9937	0.1444	0.0867	1.7183
11:00	1.0087	0.1308	0.0799	1.7558
11:01	1.0109	0.1495	0.0816	1.7469
11:02	1.0497	0.1028	0.0820	1.7458
11:03	1.0161	0.1246	0.0468	1.7117
11:04	1.0189	0.1304	0.0678	1.7235
11:05	1.0659	0.1260	0.0831	1.7705
11:06	1.0443	0.0982	0.0397	1.7337
11:07	1.0449	0.1201	0.0631	1.7448
11:08	1.0550	0.1401	0.0593	1.7492
11:09	1.0967	0.1068	0.0780	1.7780
11:10	1.0795	0.1105	0.0581	1.7541
11:11	1.0802	0.1293	0.0683	1.7721
11:12	1.1025	0.1890	0.1156	1.8227
11:13	1.0799	0.2135	0.1748	1.8265
11:14	1.0752	0.1967	0.1449	1.8291
11:15	1.0943	0.1580	0.1216	1.8311
11:16	1.0744	0.1696	0.1182	1.8154
11:17	1.0593	0.1394	0.0799	1.7815
11:18	1.0553	0.1914	0.1244	1.8188
11:19	1.0452	0.1912	0.1641	1.8594
11:20	1.0364	0.1321	0.0692	1.7974
11:21	1.0380	0.1116	0.0382	1.7612
11:22	1.0426	0.1241	0.0860	1.7880
11:23	1.0492	0.1690	0.1042	1.7977
11:24	1.0683	0.1422	0.0856	1.7880
11:25	1.0325	0.1731	0.1040	1.8050
11:26	1.0441	0.1661	0.1119	1.8216
11:27	1.0397	0.1990	0.1197	1.7990
11:28	1.0043	0.1706	0.1298	1.8023
11:29	1.0312	0.1088	0.0909	1.7878
11:30	1.0508	0.1365	0.0871	1.8015
11:31	1.0455	0.1459	0.1012	1.8111
11:32	1.0030	0.2140	0.1767	1.8436
11:33	0.9867	0.2942	0.2493	1.8727
11:34	0.9791	0.2349	0.1910	1.8248
11:35	0.9414	0.2818	0.2314	1.8224
11:36	0.9537	0.1448	0.1286	1.7737
11:37	0.9790	0.1815	0.1546	1.7898
11:38	0.9162	0.1184	0.0965	1.7416
11:39	0.9396	0.1664	0.1074	1.7545
11:40	0.9358	0.1041	0.0565	1.7057
11:41	0.9323	0.1056	0.0446	1.6880
11:42	0.9596	0.0853	0.0295	1.6911
11:43	0.9507	0.0702	0.0204	1.6808
11:44	1.0068	0.1095	0.0208	1.7006
11:45	1.0037	0.1309	0.0608	1.7402
11:46	0.9843	0.0916	0.0573	1.7526
11:47	1.0087	0.1092	0.0359	1.7372
11:48	1.0336	0.0585	0.0210	1.7245
11:49	1.0661	0.0802	0.0114	1.7397
11:50	1.0607	0.0691	0.0246	1.7529
11:51	1.0920	0.1469	0.0552	1.7703
11:52	1.0878	0.0782	0.0446	1.8028
11:53	1.1163	0.1841	0.1233	1.8534
11:54	1.0891	0.1596	0.1241	1.8757
11:55	1.1126	0.1843	0.1654	1.8986
11:56	1.0568	0.1382	0.0666	1.8202
11:57	1.0792	0.1243	0.1054	1.8401
11:58	1.0711	0.1980	0.1544	1.8863
11:59	1.1071	0.2204	0.1830	1.9055
12:00	1.1328	0.1774	0.1304	1.8757
12:01	1.1251	0.1264	0.1115	1.8701
12:02	1.0995	0.2176	0.1553	1.8817
12:03	1.0938	0.1914	0.1507	1.8910
12:04	1.1239	0.1754	0.1065	1.8795
12:05	1.0974	0.1073	0.0733	1.8509
12:06	1.0967	0.0900	0.0640	1.8707
12:07	1.1084	0.0901	0.0385	1.8600
12:08	1.1041	0.1375	0.0916	1.9213
12:09	1.0966	0.1192	0.0499	1.8752
12:10	1.0791	0.0861	0.0469	1.8414
12:11	1.1260	0.1468	0.0781	1.8864
12:12	1.1649	0.1336	0.0551	1.8698
12:13	1.1402	0.0707	0.0446	1.8648
12:14	1.1549	0.1597	0.0437	1.8875
12:15	1.2209	0.2299	0.2084	2.0439
12:16	1.2253	0.3925	0.3635	2.1362
12:17	1.2709	0.4990	0.4772	2.2019
12:18	1.2163	0.4496	0.4282	2.1145
12:19	1.2255	0.3419	0.3170	2.0642
12:20	1.1474	0.4082	0.3880	2.0638
12:21	1.0550	0.3682	0.3335	1.9988
12:22	1.0326	0.2856	0.2827	1.9627
12:23	1.0357	0.2480	0.1826	1.8790
12:24	1.0420	0.2304	0.1602	1.8781
12:25	1.0974	0.2605	0.2025	1.8906
12:26	1.0752	0.1943	0.1476	1.8423
12:27	1.0544	0.1050	0.0762	1.7917
12:28	1.1015	0.0935	0.0534	1.7860
12:29	1.0838	0.1408	0.0730	1.8069
12:30	1.1105	0.1310	0.1085	1.8466
12:31	1.0536	0.3103	0.2178	1.8793
12:32	1.2214	0.4931	0.4311	2.1162
12:33	1.1041	0.2310	0.2071	1.9470
12:34	1.0883	0.1437	0.0990	1.8273
12:35	1.0755	0.1038	0.0521	1.7801
12:36	1.1305	0.1026	0.0407	1.7871
12:37	1.0703	0.0662	0.0163	1.7415
12:38	1.1489	0.0876	0.0526	1.8072
12:39	1.0525	0.0822	0.0549	1.7246
12:40	1.1772	0.1788	0.1497	1.9304
12:41	1.2409	0.3897	0.3505	2.0489
12:42	1.3008	0.4123	0.3886	2.1704
12:43	1.1845	0.4209	0.3678	2.1033
12:44	1.1678	0.3890	0.3628	2.0977
12:45	1.1131	0.2590	0.2224	1.9309
12:46	1.1031	0.2717	0.2248	1.9506
12:47	1.1105	0.3772	0.3516	2.0149
12:48	1.1679	0.3827	0.3252	2.0137
12:49	1.0851	0.2649	0.2402	1.9331
12:50	1.0987	0.2357	0.1813	1.8916
12:51	1.1213	0.1924	0.1370	1.8407
12:52	1.0947	0.1614	0.0775	1.7912
12:53	1.0843	0.1417	0.0860	1.7836
12:54	1.0583	0.1141	0.0580	1.7510
12:55	1.0984	0.1225	0.0747	1.7868
12:56	1.1285	0.1426	0.0989	1.7793
12:57	1.1292	0.2820	0.2109	1.8867
12:58	1.1284	0.4000	0.3385	1.9945
12:59	1.1810	0.3751	0.3642	2.0164
13:00	1.1680	0.4020	0.3896	2.0409
13:01	1.1415	0.3259	0.3052	1.9520
13:02	1.0031	0.2340	0.1576	1.8227
13:03	1.0153	0.1912	0.1241	1.7830
13:04	1.0056	0.2055	0.1211	1.7778
13:05	1.0746	0.2850	0.2249	1.8684
13:06	1.1038	0.3797	0.3452	1.9593
13:07	1.1079	0.4289	0.4253	2.0078
13:08	1.1370	0.4793	0.4703	2.0537
13:09	1.0949	0.4656	0.4429	2.0039
13:10	1.0456	0.3893	0.3428	1.9302
13:11	1.1567	0.3451	0.2804	1.9028
13:12	1.0991	0.2148	0.2148	1.8628
13:13	1.0964	0.2585	0.2103	1.8449
13:14	1.2367	0.4387	0.4120	2.0259
13:15	1.2474	0.5346	0.5208	2.1229
13:16	1.2622	0.5644	0.5515	2.1405
13:17	1.2075	0.6052	0.5846	2.1465
13:18	1.1249	0.4061	0.3600	1.9691
13:19	1.0955	0.3345	0.2893	1.9064
13:20	1.0358	0.2104	0.1669	1.7886
13:21	1.0204	0.2302	0.1711	1.7660
13:22	1.0306	0.2145	0.1416	1.7736
13:23	1.1248	0.3234	0.2727	1.8642
13:24	1.0993	0.3149	0.2555	1.8641
13:25	1.0748	0.2568	0.2199	1.8225
13:26	1.0792	0.2742	0.2085	1.8423
13:27	1.0757	0.3381	0.2860	1.8870
13:28	1.0672	0.3262	0.2812	1.8650
13:29	1.1232	0.3447	0.3497	1.9327
13:30	1.1202	0.2790	0.2492	1.9167
13:31	1.0471	0.1369	0.1303	1.7964
13:32	1.0075	0.1585	0.1160	1.7643
13:33	1.0467	0.1989	0.1363	1.7621
13:34	1.0013	0.1071	0.0653	1.7071
13:35	1.0142	0.1120	0.0659	1.6797
13:36	1.0919	0.1474	0.1395	1.7608
13:37	1.1599	0.2176	0.1475	1.7999
13:38	1.1222	0.1776	0.1504	1.8040
13:39	1.1227	0.1408	0.0951	1.7493
13:40	1.2354	0.2493	0.2242	1.8760
13:41	1.3110	0.5095	0.4620	2.1162
13:42	1.4393	0.8172	0.7935	2.4440
13:43	1.3202	0.6237	0.5922	2.2074
13:44	1.3658	0.5426	0.5390	2.2342
13:45	1.2958	0.4549	0.4058	2.0584
13:46	1.3308	0.4316	0.4134	2.0950
13:47	1.2679	0.4327	0.4256	2.0982
13:48	1.2081	0.5262	0.5051	2.1635
13:49	1.2107	0.4221	0.4290	2.0325
13:50	1.2334	0.5128	0.5162	2.0594
13:51	1.2331	0.5010	0.4903	2.0688
13:52	1.2115	0.5739	0.5203	2.0559
13:53	1.2301	0.5660	0.5565	2.0894
13:54	1.1740	0.4338	0.4544	1.9923
13:55	1.1184	0.3466	0.3574	1.8982
13:56	1.0923	0.2513	0.2097	1.8369
13:57	1.1168	0.2019	0.1368	1.7534
13:58	1.1039	0.1757	0.1295	1.7426
13:59	1.1660	0.1883	0.1586	1.7759
14:00	1.2645	0.3847	0.3655	2.0100
14:01	1.4809	0.6594	0.5944	2.3005
14:02	1.3819	0.5663	0.5475	2.3007
14:03	1.5243	0.6264	0.6176	2.3871
14:04	1.4090	0.5469	0.5529	2.2274
14:05	1.4398	0.7436	0.7396	2.3653
14:06	1.7219	1.2706	1.3009	2.8940
14:07	1.7279	1.4322	1.4842	3.1071
14:08	1.9298	1.8095	1.9166	3.4661
14:09	2.2601	2.2944	2.4854	4.0432
14:10	2.1805	2.2709	2.4181	3.9826
14:11	2.0280	2.1429	2.2758	3.7312
14:12	2.1380	2.1940	2.3397	3.8063
14:13	2.4480	2.8267	3.0745	4.5934
14:14	2.6562	3.3016	3.7671	5.2183
14:15	2.9666	3.6898	4.4247	5.8997
14:16	3.5475	4.1760	5.7082	7.2048
14:17	3.9129	4.3241	6.6765	8.0837
14:18	4.8854	4.5434	8.5188	9.9180
14:19	5.3843	4.6015	9.5485	10.8982
14:20	6.6622	4.6295	11.9388	13.3513
14:21	9.1913	4.5679	15.7817	17.6532
14:22	12.9573	4.5687	17.7495	21.2282
14:23	14.4199	4.6220	17.6997	21.2270
14:24	14.3546	4.6739	17.6889	21.1496
14:25	14.4006	4.7173	17.7120	21.1210
14:26	14.2751	4.6964	17.6819	21.0461
14:27	14.2610	4.7489	17.7698	21.1115
14:28	14.1324	4.7307	17.7176	20.9730
14:29	14.1686	4.7689	17.7412	21.0335
14:30	14.1568	4.7826	17.8286	20.9591
14:31	14.1654	4.8482	17.7430	20.9038
14:32	14.4432	4.8109	17.8341	21.0135
14:33	14.1161	4.8065	17.8426	20.9674
14:34	13.9465	4.7642	17.9009	20.9026
14:35	13.5515	4.7388	17.9322	20.9523
14:36	9.8764	4.8041	17.9552	20.9615
14:37	7.9111	4.8379	17.9537	20.9835
14:38	6.2348	4.7592	17.7470	20.0842
14:39	5.6062	4.7659	17.1385	18.8383
14:40	4.7977	4.6977	16.2638	17.3241
14:41	4.3414	4.7504	14.4055	15.7406
14:42	3.5638	4.7580	12.0890	13.3005
14:43	2.6756	4.6988	9.6506	10.5826
14:44	2.3403	4.7349	8.6746	9.5993
14:45	2.3005	4.7736	9.2545	9.9630
14:46	2.3708	4.7528	9.5802	10.2094
14:47	2.4847	4.7967	9.7085	10.4462
14:48	2.1585	4.8061	10.1289	10.3810
14:49	1.9310	4.7716	9.2530	9.4812
14:50	1.5044	4.6476	7.3128	7.7213
14:51	1.0196	4.4213	6.2782	6.4728
14:52	0.6157	4.3792	6.0965	5.9480
14:53	0.6326	4.2013	5.3164	5.4307
14:54	0.4906	4.1720	5.3553	5.2150
14:55	0.4713	4.0059	4.9770	4.9979
14:56	0.4153	4.0188	5.0336	4.9743
14:57	0.3703	3.9882	4.9036	4.6307
14:58	0.6333	4.0228	4.9776	4.7626
14:59	0.8430	3.6722	4.2866	4.6776
15:00	0.8064	3.2617	3.6155	4.2758
15:01	0.6070	2.8557	3.0735	3.6985
15:02	0.6321	2.6198	2.7617	3.4570
15:03	0.8457	2.4550	2.5820	3.3279
15:04	0.7516	2.3804	2.4910	3.0521
15:05	0.7454	2.1548	2.3006	2.9290
15:06	0.7584	2.2313	2.3748	2.8578
15:07	0.6834	2.0398	2.1578	2.6833
15:08	0.5821	2.0877	2.1937	2.5609
15:09	0.5490	1.9874	2.1469	2.4218
15:10	0.4885	1.8593	1.9570	2.3399
15:11	0.4456	2.1597	2.2517	2.3187
15:12	0.4077	2.0173	2.0972	2.2258
15:13	0.4088	1.6430	1.6983	2.0320
15:14	0.3475	1.3614	1.4157	1.8197
15:15	0.3462	1.2111	1.2711	1.7296
15:16	0.2623	1.1281	1.1531	1.6270
15:17	0.2259	1.0502	1.0617	1.4442
15:18	0.2528	1.0753	1.0638	1.3952
15:19	0.2872	0.9113	0.9003	1.3425
15:20	0.1744	0.7675	0.7513	1.2569
15:21	0.2166	0.6931	0.6758	1.1796
15:22	0.2521	0.6983	0.6856	1.1871
15:23	0.3546	0.9804	1.0190	1.4613
15:24	0.4078	0.9582	0.9820	1.5292
15:25	0.2517	0.7726	0.8198	1.2930
15:26	0.2532	0.6532	0.6762	1.0729
15:27	0.2413	0.7097	0.6573	1.0432
15:28	0.3067	0.7199	0.7010	1.1110
15:29	0.3014	0.7318	0.7122	1.1356
15:30	0.2792	0.6383	0.6396	1.0328
15:31	0.2121	0.5394	0.5601	0.9431
15:32	0.2585	0.5366	0.5253	0.9415
15:33	0.2332	0.4198	0.4055	0.8575
15:34	0.2959	0.5465	0.4901	0.9412
15:35	0.2911	0.5310	0.5005	0.9491
15:36	0.3154	0.4885	0.4689	0.9066
15:37	0.3384	0.5318	0.5061	0.9689
15:38	0.3241	0.5051	0.4697	0.9037
15:39	0.2786	0.4906	0.4076	0.8275
15:40	0.2561	0.3890	0.3585	0.7804
15:41	0.2560	0.4558	0.4117	0.7757
15:42	0.2292	0.4502	0.4021	0.7607
15:43	0.2768	0.4250	0.3879	0.7433
15:44	0.2539	0.4355	0.3906	0.7413
15:45	0.2796	0.3904	0.4021	0.7446
15:46	0.3516	0.4676	0.4111	0.7663
15:47	0.2878	0.4023	0.3462	0.7135
15:48	0.2963	0.3753	0.3377	0.7183
15:49	0.2732	0.3514	0.3343	0.7312
15:50	0.3032	0.3676	0.3416	0.7214
15:51	0.2508	0.3902	0.3226	0.6869
15:52	0.3011	0.3483	0.3339	0.7015
15:53	0.2785	0.3808	0.3294	0.6711
15:54	0.2726	0.3281	0.3081	0.6571
15:55	0.3239	0.3839	0.3415	0.7108
15:56	0.3074	0.3743	0.3264	0.6682
15:57	0.3179	0.3885	0.3091	0.6580
15:58	0.3096	0.4027	0.3607	0.6851
15:59	0.3398	0.3734	0.3381	0.7014
16:00	0.3251	0.3100	0.3175	0.6737
16:01	0.3197	0.3594	0.3344	0.6706
16:02	0.3343	0.3851	0.3255	0.6623
16:03	0.3032	0.3735	0.3613	0.6862
16:04	0.3231	0.3749	0.3173	0.6547
16:05	0.3255	0.3747	0.3452	0.6341
16:06	0.3555	0.4003	0.3840	0.6791
16:07	0.3663	0.4066	0.3687	0.6502
16:08	0.3784	0.4177	0.3927	0.6822
16:09	0.3665	0.4551	0.3759	0.6883
16:10	0.3170	0.3999	0.3585	0.6416
16:11	0.3347	0.3555	0.3584	0.6437
16:12	0.3620	0.3935	0.3563	0.6695
16:13	0.3482	0.3959	0.3431	0.6632
16:14	0.3003	0.3576	0.3354	0.6054
16:15	0.3328	0.3718	0.3627	0.6330
16:16	0.3532	0.3838	0.3400	0.6185
16:17	0.3158	0.3500	0.3211	0.5873
16:18	0.3395	0.3805	0.3549	0.6312
16:19	0.3316	0.3943	0.3502	0.6217
16:20	0.3587	0.3752	0.3508	0.6341
16:21	0.3235	0.4151	0.3356	0.5954
16:22	0.3486	0.3342	0.3000	0.5881
16:23	0.3566	0.3459	0.3633	0.6321
16:24	0.3438	0.3852	0.3278	0.6188
16:25	0.3137	0.3185	0.3028	0.5765
16:26	0.3143	0.3290	0.3178	0.5578
16:27	0.2991	0.4081	0.3209	0.5545
16:28	0.3397	0.3588	0.3402	0.5814
16:29	0.3426	0.3802	0.3723	0.6015
16:30	0.3923	0.4073	0.4010	0.6336
16:31	0.3663	0.3935	0.3516	0.5976
16:32	0.2985	0.3396	0.2990	0.5155
16:33	0.3689	0.3545	0.3624	0.6035
16:34	0.3521	0.3576	0.3452	0.5508
16:35	0.3401	0.3468	0.3284	0.5738
16:36	0.3582	0.3667	0.3409	0.5773
16:37	0.3059	0.3099	0.3143	0.5427
16:38	0.3429	0.3292	0.3246	0.5564
16:39	0.3338	0.3283	0.3066	0.5352
16:40	0.3327	0.3089	0.3063	0.5566
16:41	0.3232	0.3043	0.3026	0.5265
16:42	0.3200	0.3216	0.3075	0.5308
16:43	0.3043	0.2659	0.2924	0.5011
16:44	0.3355	0.2693	0.2692	0.5083
16:45	0.3652	0.2742	0.2802	0.5345
16:46	0.3418	0.2759	0.2960	0.5344
16:47	0.3383	0.3435	0.3067	0.5500
16:48	0.3178	0.2170	0.2350	0.4932
16:49	0.3539	0.3047	0.3072	0.5389
16:50	0.3223	0.3203	0.3010	0.5349
16:51	0.3658	0.2409	0.2890	0.5204
16:52	0.3486	0.3282	0.2822	0.5069
16:53	0.3298	0.3292	0.3287	0.5226
16:54	0.3277	0.3003	0.2923	0.4950
16:55	0.3240	0.2719	0.2627	0.4811
16:56	0.3546	0.3610	0.3151	0.5161
16:57	0.3424	0.3369	0.2766	0.4851
16:58	0.3050	0.2880	0.2562	0.4817
16:59	0.3115	0.3000	0.2753	0.4840
17:00	0.3579	0.2937	0.2839	0.4825
17:01	0.3066	0.2831	0.2785	0.4539
17:02	0.2999	0.3029	0.2717	0.4603
17:03	0.3226	0.2930	0.2859	0.4706
17:04	0.3174	0.3082	0.2873	0.4769
17:05	0.3497	0.3333	0.3299	0.5075
17:06	0.3335	0.3222	0.3072	0.4781
17:07	0.3239	0.3004	0.3053	0.4758
17:08	0.3526	0.2959	0.3023	0.4542
17:09	0.3504	0.3500	0.3213	0.4707
17:10	0.3474	0.2994	0.2789	0.4546
17:11	0.3219	0.3302	0.3212	0.4726
17:12	0.3126	0.3296	0.3099	0.4556
17:13	0.3613	0.3166	0.3066	0.4718
17:14	0.3398	0.3455	0.3264	0.4618
17:15	0.3152	0.3391	0.3002	0.4452
17:16	0.3294	0.2983	0.3161	0.4404
17:17	0.3049	0.2660	0.2912	0.4139
17:18	0.3058	0.3119	0.2951	0.4372
17:19	0.2933	0.3047	0.3049	0.4033
17:20	0.2972	0.2654	0.2987	0.4139
17:21	0.2998	0.2805	0.3069	0.4177
17:22	0.2903	0.2992	0.2827	0.4063
17:23	0.3185	0.3105	0.2929	0.4149
17:24	0.3174	0.3221	0.2995	0.4244
17:25	0.3167	0.3369	0.3226	0.4306
17:26	0.3463	0.3012	0.3120	0.4214
17:27	0.3197	0.3293	0.3178	0.4115
17:28	0.3560	0.3412	0.3022	0.4031
17:29	0.3292	0.2804	0.2685	0.3811
17:30	0.3830	0.2991	0.2885	0.3921
17:31	0.3850	0.3683	0.3027	0.4036
17:32	0.3288	0.3055	0.2836	0.4043
17:33	0.3429	0.2684	0.2670	0.3733
17:34	0.3737	0.3405	0.3087	0.4040
17:35	0.3386	0.2710	0.2829	0.3692
17:36	0.3572	0.3300	0.2996	0.3706
17:37	0.3702	0.2856	0.2823	0.3859
17:38	0.3587	0.2759	0.2921	0.3758
17:39	0.3316	0.2714	0.2639	0.3689
17:40	0.3433	0.2932	0.2959	0.3890
17:41	0.3268	0.2865	0.3035	0.3780
17:42	0.3684	0.3129	0.2944	0.3790
17:43	0.3423	0.3354	0.2916	0.3589
17:44	0.3541	0.2926	0.3017	0.3658
17:45	0.3551	0.2560	0.2923	0.3683
17:46	0.3550	0.2960	0.2793	0.3518
17:47	0.3350	0.3048	0.2796	0.3338
17:48	0.3242	0.3211	0.2958	0.3515
17:49	0.3084	0.3437	0.3029	0.3539
17:50	0.3384	0.3441	0.3149	0.3514
17:51	0.3543	0.3164	0.3125	0.3550
17:52	0.3386	0.3189	0.3176	0.3368
17:53	0.3590	0.3014	0.2928	0.3394
17:54	0.3494	0.2985	0.3076	0.3447
17:55	0.3402	0.3000	0.3004	0.3367
17:56	0.3274	0.2856	0.2956	0.3137
17:57	0.3182	0.3061	0.2948	0.3169
17:58	0.3111	0.2714	0.2784	0.3031
17:59	0.3494	0.2869	0.2812	0.3267
18:00	0.3463	0.3093	0.2994	0.3207
18:01	0.3608	0.2825	0.2929	0.3229
18:02	0.3390	0.3143	0.2902	0.3156
18:03	0.3673	0.2875	0.3033	0.3287
18:04	0.3741	0.3168	0.2973	0.3166
18:05	0.3481	0.2993	0.3123	0.3115
18:06	0.3231	0.3113	0.2899	0.2786
18:07	0.3339	0.3501	0.3062	0.3068
18:08	0.3241	0.2614	0.2979	0.3233
18:09	0.3455	0.3220	0.3130	0.3451
18:10	0.3240	0.3099	0.2893	0.3249
18:11	0.3268	0.3023	0.2869	0.2939
18:12	0.2948	0.2734	0.2770	0.2946
18:13	0.3117	0.2700	0.2866	0.3078
18:14	0.3221	0.3365	0.3186	0.3289
18:15	0.3050	0.3065	0.2788	0.3071
18:16	0.3259	0.3431	0.3119	0.3047
18:17	0.3023	0.3661	0.3413	0.3100
18:18	0.3094	0.4012	0.3241	0.3161
18:19	0.2986	0.3575	0.3072	0.2987
18:20	0.2944	0.3384	0.3102	0.2865
18:21	0.3000	0.3710	0.3347	0.2885
18:22	0.2859	0.3178	0.3215	0.2951
18:23	0.2647	0.3162	0.2878	0.2645
18:24	0.2935	0.3574	0.3149	0.2867
18:25	0.3119	0.3558	0.3258	0.3030
18:26	0.3016	0.3811	0.3357	0.2921
18:27	0.2991	0.3546	0.3183	0.2690
18:28	0.2926	0.3383	0.3442	0.2890
18:29	0.3006	0.3791	0.3263	0.2873
18:30	0.2970	0.3507	0.3440	0.2964
18:31	0.2950	0.3236	0.3228	0.2691
18:32	0.2839	0.3364	0.3092	0.2715
18:33	0.2487	0.3347	0.3396	0.2666
18:34	0.2606	0.3496	0.3379	0.2688
18:35	0.2456	0.4035	0.3374	0.2505
18:36	0.2896	0.3293	0.3559	0.2860
18:37	0.3017	0.3603	0.3678	0.3013
18:38	0.2722	0.3206	0.3273	0.2708
18:39	0.2489	0.3700	0.3581	0.2694
18:40	0.2602	0.4090	0.3941	0.2899
18:41	0.2524	0.4015	0.3879	0.2734
18:42	0.2696	0.4249	0.4219	0.2910
18:43	0.2500	0.4164	0.3870	0.2564
18:44	0.2595	0.4179	0.3992	0.2684
18:45	0.2452	0.4415	0.4036	0.2596
18:46	0.2491	0.4022	0.4141	0.2875
18:47	0.2617	0.4186	0.4051	0.2755
18:48	0.2201	0.3602	0.3894	0.2340
18:49	0.2352	0.3565	0.3791	0.2627
18:50	0.2364	0.4061	0.3878	0.2603
18:51	0.2404	0.4001	0.3393	0.2337
18:52	0.2602	0.3958	0.3989	0.2642
18:53	0.2365	0.3843	0.3510	0.2496
18:54	0.2001	0.4140	0.3773	0.2433
18:55	0.1984	0.4344	0.3954	0.2406
18:56	0.1658	0.3983	0.3702	0.2089
18:57	0.1436	0.3610	0.3498	0.2029
18:58	0.1632	0.4119	0.3773	0.2049
18:59	0.1697	0.4414	0.3942	0.2345
19:00	0.1587	0.4121	0.3945	0.2139
19:01	0.1578	0.4081	0.3852	0.2100
19:02	0.1436	0.3202	0.3550	0.1920
19:03	0.1776	0.3808	0.3665	0.2078
19:04	0.1649	0.3939	0.3670	0.1811
19:05	0.1589	0.3815	0.3917	0.2217
19:06	0.1748	0.3417	0.3872	0.2054
19:07	0.1387	0.3554	0.3885	0.1988
19:08	0.1348	0.4044	0.3690	0.1753
19:09	0.1390	0.3812	0.3821	0.1876
19:10	0.1426	0.3601	0.3638	0.1660
19:11	0.1619	0.4232	0.3702	0.1609
19:12	0.1499	0.3660	0.3545	0.1367
19:13	0.1279	0.3698	0.4011	0.1795
19:14	0.1190	0.3907	0.3551	0.1422
19:15	0.1668	0.4226	0.4129	0.1937
19:16	0.1359	0.3915	0.3761	0.1471
19:17	0.1698	0.4394	0.4041	0.1544
19:18	0.0932	0.3410	0.3357	0.1222
19:19	0.1193	0.4023	0.3885	0.1848
19:20	0.1102	0.3396	0.3675	0.1545
19:21	0.1136	0.3327	0.3591	0.1709
19:22	0.1028	0.3880	0.3883	0.1987
19:23	0.0799	0.4101	0.3706	0.1368
19:24	0.0774	0.3586	0.3588	0.1399
19:25	0.0918	0.3842	0.3685	0.1443
19:26	0.0770	0.3519	0.3720	0.1474
19:27	0.0580	0.3647	0.3585	0.1085
19:28	0.0639	0.3532	0.3682	0.1122
19:29	0.0920	0.3615	0.3558	0.1335
19:30	0.1015	0.3166	0.3650	0.1489
19:31	0.0974	0.3849	0.3706	0.1500
19:32	0.0892	0.3896	0.3686	0.1444
19:33	0.0919	0.3265	0.3096	0.1099
19:34	0.0872	0.3484	0.3626	0.1128
19:35	0.0433	0.3509	0.3309	0.1101
19:36	0.0509	0.3502	0.3251	0.1001
19:37	0.0559	0.3461	0.3335	0.0929
19:38	0.0696	0.3571	0.3521	0.1046
19:39	0.0526	0.3620	0.3628	0.1028
19:40	0.0488	0.3913	0.3594	0.0765
19:41	0.0654	0.3774	0.3499	0.0920
19:42	0.0507	0.3945	0.3758	0.1165
19:43	0.0716	0.4183	0.3840	0.1160
19:44	0.0448	0.4047	0.3874	0.1021
19:45	0.0918	0.4614	0.4080	0.1339
19:46	0.0650	0.4185	0.3949	0.1255
19:47	0.0684	0.3934	0.3999	0.1195
19:48	0.0783	0.4558	0.4182	0.1375
19:49	0.0733	0.4266	0.4208	0.1562
19:50	0.0813	0.3905	0.3857	0.1182
19:51	0.1141	0.4648	0.4269	0.1451
19:52	0.0694	0.4636	0.4216	0.1103
19:53	0.0759	0.4534	0.4425	0.1372
19:54	0.0442	0.4774	0.4637	0.1234
19:55	0.0372	0.4651	0.4230	0.1135
19:56	0.0631	0.4723	0.4507	0.1567
19:57	0.0501	0.4565	0.4167	0.1270
19:58	0.0458	0.4829	0.4272	0.1261
19:59	0.0950	0.4752	0.4355	0.1408
20:00	0.0531	0.4525	0.4248	0.1173
20:01	0.0833	0.4771	0.4630	0.1113
20:02	0.0691	0.4887	0.4296	0.1260
20:03	0.0848	0.4588	0.4294	0.1273
20:04	0.0485	0.4459	0.4305	0.1067
20:05	0.0481	0.4350	0.4092	0.0931
20:06	0.0450	0.4499	0.4083	0.0912
20:07	0.0473	0.4562	0.4162	0.1297
20:08	0.0540	0.4323	0.4481	0.1233
20:09	0.0638	0.4666	0.4305	0.1165
20:10	0.0582	0.4366	0.4108	0.0822
20:11	0.0654	0.4751	0.4412	0.1074
20:12	0.0819	0.4557	0.4481	0.1245
20:13	0.0833	0.4462	0.4362	0.1137
20:14	0.0591	0.4535	0.4446	0.0931
20:15	0.0883	0.4616	0.4186	0.0885
20:16	0.0697	0.4417	0.4312	0.1020
20:17	0.0818	0.4827	0.4512	0.1091
20:18	0.0686	0.4265	0.4283	0.0952
20:19	0.1133	0.4714	0.4490	0.1106
20:20	0.0814	0.4692	0.4147	0.0676
20:21	0.0850	0.4453	0.4197	0.1089
20:22	0.0886	0.3924	0.3976	0.0819
20:23	0.1200	0.4069	0.4330	0.0979
20:24	0.0672	0.4898	0.4470	0.0972
20:25	0.0811	0.4763	0.4353	0.0894
20:26	0.0793	0.4748	0.4260	0.0712
20:27	0.0763	0.4539	0.4233	0.0888
20:28	0.0697	0.4779	0.4286	0.0874
20:29	0.0846	0.4689	0.4319	0.0781
20:30	0.0902	0.4497	0.4435	0.0832
20:31	0.0804	0.4752	0.4326	0.0924
20:32	0.1321	0.4879	0.4565	0.1010
20:33	0.0821	0.4821	0.4323	0.0981
20:34	0.0886	0.4509	0.4441	0.1038
20:35	0.0663	0.4800	0.4460	0.1189
20:36	0.0722	0.4398	0.4305	0.0973
20:37	0.1103	0.4525	0.4305	0.1004
20:38	0.0893	0.5234	0.4640	0.1112
20:39	0.0915	0.5140	0.4335	0.1056
20:40	0.0957	0.4194	0.4311	0.0932
20:41	0.1502	0.4869	0.4557	0.1274
20:42	0.1247	0.4635	0.4606	0.1166
20:43	0.1131	0.4388	0.4426	0.1039
20:44	0.1113	0.4784	0.4351	0.0977
20:45	0.1207	0.4833	0.4386	0.1045
20:46	0.0788	0.4403	0.4070	0.0767
20:47	0.0760	0.4227	0.4174	0.0817
20:48	0.0881	0.4240	0.4299	0.0867
20:49	0.0847	0.4523	0.4185	0.0774
20:50	0.0967	0.4464	0.4208	0.0879
20:51	0.0896	0.4774	0.4205	0.0779
20:52	0.1312	0.4931	0.4517	0.1071
20:53	0.0857	0.4485	0.4144	0.0616
20:54	0.1330	0.4839	0.4502	0.1096
20:55	0.1008	0.4710	0.4452	0.0804
20:56	0.1021	0.4433	0.4476	0.0809
20:57	0.1085	0.4748	0.4592	0.1011
20:58	0.1009	0.4503	0.4302	0.0844
20:59	0.1237	0.4785	0.4376	0.0884
21:00	0.1115	0.5049	0.4320	0.0829
21:01	0.1132	0.4530	0.4236	0.0844
21:02	0.1522	0.5038	0.4349	0.0953
21:03	0.1283	0.4575	0.4377	0.0947
21:04	0.1205	0.4243	0.4178	0.0735
21:05	0.1313	0.4987	0.4389	0.0828
21:06	0.1487	0.4558	0.4216	0.0847
21:07	0.1226	0.4565	0.4324	0.0660
21:08	0.1320	0.5025	0.4507	0.1100
21:09	0.1453	0.4344	0.4518	0.1059
21:10	0.1247	0.4523	0.4471	0.0857
21:11	0.1342	0.4972	0.4441	0.0746
21:12	0.1064	0.4621	0.4302	0.0565
21:13	0.1276	0.5033	0.4423	0.0758
21:14	0.1472	0.4753	0.4335	0.0797
21:15	0.1329	0.4341	0.4333	0.0797
21:16	0.1223	0.4483	0.4305	0.0583
21:17	0.1269	0.4359	0.4285	0.0670
21:18	0.1410	0.4634	0.4286	0.0676
21:19	0.1409	0.4380	0.4185	0.0625
21:20	0.1204	0.4776	0.4258	0.0561
21:21	0.1086	0.4311	0.4104	0.0466
21:22	0.1010	0.4358	0.4017	0.0472
21:23	0.1201	0.4122	0.4223	0.0510
21:24	0.1314	0.4961	0.4498	0.0592
21:25	0.1452	0.4558	0.4421	0.0779
21:26	0.0947	0.4573	0.4244	0.0527
21:27	0.1094	0.4996	0.4386	0.0763
21:28	0.0972	0.4686	0.4084	0.0388
21:29	0.1188	0.4421	0.4169	0.0517
21:30	0.0967	0.4418	0.4390	0.0563
21:31	0.1120	0.4753	0.4343	0.0490
21:32	0.1137	0.4717	0.4240	0.0539
21:33	0.1187	0.4719	0.4422	0.0489
21:34	0.1208	0.4929	0.4563	0.0646
21:35	0.1116	0.4569	0.4324	0.0565
21:36	0.1068	0.4713	0.4513	0.0504
21:37	0.0877	0.4626	0.4364	0.0315
21:38	0.1081	0.4480	0.4259	0.0464
21:39	0.1171	0.4487	0.4270	0.0496
21:40	0.1098	0.4677	0.4276	0.0482
21:41	0.1185	0.4450	0.4238	0.0233
21:42	0.1313	0.4943	0.4572	0.0439
21:43	0.1105	0.3975	0.4440	0.0495
21:44	0.1422	0.5045	0.5126	0.1024
21:45	0.1298	0.4861	0.4608	0.0486
21:46	0.1382	0.4382	0.4593	0.0691
21:47	0.1033	0.4857	0.4760	0.0643
21:48	0.1094	0.4379	0.4412	0.0516
21:49	0.1193	0.5109	0.4692	0.0546
21:50	0.1017	0.4770	0.4687	0.0691
21:51	0.1405	0.5080	0.4634	0.0623
21:52	0.1487	0.4429	0.4718	0.0615
21:53	0.1098	0.4151	0.4420	0.0350
21:54	0.0689	0.4356	0.4272	0.0466
21:55	0.1180	0.4536	0.4612	0.0573
21:56	0.1268	0.5096	0.4671	0.0535
21:57	0.1257	0.5103	0.4681	0.0598
21:58	0.1334	0.4680	0.4756	0.0863
21:59	0.1447	0.4766	0.4757	0.0791
22:00	0.1168	0.4866	0.4778	0.0662
22:01	0.0956	0.5085	0.4660	0.0612
22:02	0.1207	0.5113	0.4761	0.0648
22:03	0.1202	0.4794	0.4678	0.0570
22:04	0.1079	0.4768	0.4760	0.0563
22:05	0.1174	0.5261	0.4857	0.0609
22:06	0.1240	0.5192	0.4907	0.0694
22:07	0.1389	0.5226	0.5089	0.0847
22:08	0.1379	0.5583	0.5164	0.0754
22:09	0.1169	0.5513	0.5090	0.0639
22:10	0.1352	0.5646	0.5258	0.1014
22:11	0.1076	0.5025	0.5002	0.0633
22:12	0.1098	0.5075	0.5012	0.0617
22:13	0.0951	0.5381	0.4925	0.0514
22:14	0.0987	0.5162	0.4948	0.0533
22:15	0.1108	0.5052	0.5129	0.0671
22:16	0.0980	0.4983	0.4995	0.0488
22:17	0.1001	0.4908	0.4963	0.0448
22:18	0.1164	0.4819	0.5040	0.0608
22:19	0.0853	0.5013	0.4877	0.0457
22:20	0.0971	0.3989	0.4562	0.0284
22:21	0.1195	0.4651	0.5145	0.0644
22:22	0.0899	0.4848	0.4851	0.0342
22:23	0.0773	0.5270	0.4685	0.0417
22:24	0.1074	0.4925	0.4738	0.0497
22:25	0.0704	0.4253	0.4609	0.0339
22:26	0.0786	0.4948	0.4598	0.0250
22:27	0.0938	0.4511	0.4596	0.0295
22:28	0.1065	0.4463	0.4660	0.0291
22:29	0.0922	0.4653	0.4411	0.0313
22:30	0.0668	0.4562	0.4551	0.0243
22:31	0.0812	0.4760	0.4365	0.0302
22:32	0.0667	0.4856	0.4437	0.0288
22:33	0.0570	0.4581	0.4514	0.0223
22:34	0.0628	0.4435	0.4463	0.0290
22:35	0.1044	0.4581	0.4519	0.0305
22:36	0.0706	0.4278	0.4421	0.0240
22:37	0.0659	0.4769	0.4444	0.0317
22:38	0.0927	0.4712	0.4783	0.0483
22:39	0.0752	0.4434	0.4688	0.0365
22:40	0.0438	0.4749	0.4403	0.0200
22:41	0.0585	0.4756	0.4479	0.0196
22:42	0.0441	0.4461	0.4320	0.0308
22:43	0.0737	0.4859	0.4662	0.0408
22:44	0.0668	0.4416	0.4308	0.0345
22:45	0.0952	0.4525	0.4760	0.0610
22:46	0.0505	0.4489	0.4496	0.0124
22:47	0.0796	0.4538	0.4466	0.0324
22:48	0.0878	0.4575	0.4629	0.0428
22:49	0.0598	0.4585	0.4352	0.0248
22:50	0.0612	0.4343	0.4679	0.0359
22:51	0.0932	0.4406	0.4583	0.0510
22:52	0.0845	0.4591	0.4651	0.0422
22:53	0.0759	0.4509	0.4576	0.0326
22:54	0.0743	0.4647	0.4666	0.0457
22:55	0.0588	0.4307	0.4452	0.0396
22:56	0.0831	0.4542	0.4757	0.0485
22:57	0.0408	0.4674	0.4511	0.0437
22:58	0.0214	0.4478	0.4475	0.0374
22:59	0.0327	0.4476	0.4393	0.0459
23:00	0.0564	0.4338	0.4407	0.0366
23:01	0.0588	0.4673	0.4344	0.0315
23:02	0.0579	0.4841	0.4607	0.0521
23:03	0.0458	0.4255	0.4353	0.0350
23:04	0.0667	0.4850	0.4454	0.0404
23:05	0.1045	0.4654	0.4695	0.0495
23:06	0.0750	0.5136	0.4807	0.0653
23:07	0.0643	0.5124	0.4721	0.0467
23:08	0.0730	0.4424	0.4614	0.0476
23:09	0.0829	0.4054	0.4527	0.0557
23:10	0.0735	0.4354	0.4610	0.0590
23:11	0.0821	0.4420	0.4397	0.0532
23:12	0.0875	0.4336	0.4558	0.0295
23:13	0.0824	0.4389	0.4432	0.0408
23:14	0.0809	0.4111	0.4627	0.0646
23:15	0.0775	0.4160	0.4411	0.0415
23:16	0.0636	0.4553	0.4649	0.0553
23:17	0.0828	0.4576	0.4559	0.0553
23:18	0.0633	0.4271	0.4380	0.0469
23:19	0.0869	0.4757	0.4516	0.0687
23:20	0.1112	0.4765	0.4342	0.0536
23:21	0.0905	0.4874	0.4596	0.0497
23:22	0.0898	0.4577	0.4682	0.0797
23:23	0.0764	0.5051	0.4731	0.0631
23:24	0.0978	0.4812	0.4682	0.0631
23:25	0.1113	0.4582	0.4396	0.0471
23:26	0.1038	0.4923	0.4388	0.0623
23:27	0.1289	0.4119	0.4257	0.0763
23:28	0.1090	0.4847	0.4704	0.0814
23:29	0.0565	0.4279	0.4419	0.0563
23:30	0.0719	0.4311	0.4528	0.0900
23:31	0.0539	0.4760	0.4486	0.0765
23:32	0.0744	0.4549	0.4471	0.0711
23:33	0.0829	0.4528	0.4675	0.0630
23:34	0.0595	0.4436	0.4335	0.0452
23:35	0.0605	0.4636	0.4414	0.0673
23:36	0.0829	0.4804	0.4761	0.0873
23:37	0.0327	0.4952	0.4742	0.0671
23:38	0.0367	0.4490	0.4764	0.0783
23:39	0.0416	0.4860	0.4829	0.0821
23:40	0.0362	0.5440	0.5101	0.1060
23:41	0.0411	0.5062	0.5217	0.1135
23:42	0.0358	0.5419	0.5128	0.1167
23:43	0.0234	0.4773	0.4741	0.0807
23:44	0.0227	0.4345	0.4588	0.0708
23:45	0.0833	0.4448	0.5007	0.1078
23:46	0.0912	0.5007	0.4813	0.0994
23:47	0.1121	0.4650	0.4912	0.0990
23:48	0.1052	0.5049	0.5089	0.1203
23:49	0.0638	0.4969	0.4773	0.0818
23:50	0.0814	0.5083	0.5139	0.0824
23:51	0.0818	0.4841	0.5194	0.1140
23:52	0.0709	0.4993	0.5017	0.1016
23:53	0.0578	0.4527	0.4699	0.0804
23:54	0.0763	0.5095	0.4752	0.1051
23:55	0.0705	0.4814	0.5056	0.1093
23:56	0.0881	0.5401	0.5365	0.1231
23:57	0.0907	0.4505	0.4962	0.0978
23:58	0.1162	0.5254	0.5164	0.1132
23:59	0.0782	0.4842	0.4960	0.1217
