Minute	Att_Channel-1	Att_Channel-2	Att_Channel-3	Att_Channel-4
00:00	0.7967	0.5223	0.5116	0.0024
00:01	0.8081	0.5373	0.4936	0.0000
00:02	0.8065	0.5466	0.5011	0.0009
00:03	0.8087	0.5443	0.5306	0.0074
00:04	0.7892	0.5158	0.5326	0.0037
00:05	0.8095	0.5178	0.5385	0.0076
00:06	0.8065	0.5492	0.5184	0.0017
00:07	0.8079	0.5624	0.5390	0.0029
00:08	0.8313	0.5236	0.5484	0.0146
00:09	0.8161	0.5795	0.5532	0.0230
00:10	0.8202	0.5594	0.5410	0.0046
00:11	0.7734	0.5672	0.5170	0.0075
00:12	0.7598	0.5642	0.5218	0.0032
00:13	0.7272	0.4993	0.5004	0.0184
00:14	0.7205	0.5609	0.5348	0.0134
00:15	0.7238	0.5402	0.5283	0.0185
00:16	0.7119	0.5375	0.5277	0.0032
00:17	0.7384	0.5971	0.5312	0.0136
00:18	0.7365	0.5283	0.5344	0.0131
00:19	0.7211	0.5032	0.5316	0.0083
00:20	0.7516	0.5536	0.5356	0.0106
00:21	0.7757	0.5418	0.5419	0.0164
00:22	0.7547	0.5078	0.5283	0.0137
00:23	0.7367	0.5290	0.5356	0.0143
00:24	0.7368	0.5589	0.5418	0.0047
00:25	0.7308	0.5124	0.5421	0.0137
00:26	0.7304	0.5582	0.5250	0.0153
00:27	0.7450	0.6016	0.5356	0.0142
00:28	0.7386	0.5897	0.5203	0.0069
00:29	0.7286	0.5909	0.5640	0.0287
00:30	0.7166	0.5024	0.5254	0.0169
00:31	0.7712	0.5611	0.5844	0.0357
00:32	0.7122	0.5610	0.5517	0.0170
00:33	0.7227	0.5382	0.5539	0.0176
00:34	0.7264	0.5677	0.5823	0.0342
00:35	0.6538	0.6116	0.5446	0.0210
00:36	0.6466	0.6122	0.5890	0.0391
00:37	0.6458	0.5381	0.5539	0.0347
00:38	0.6295	0.5843	0.5879	0.0455
00:39	0.6293	0.5593	0.5718	0.0279
00:40	0.6374	0.5698	0.5793	0.0311
00:41	0.6113	0.5816	0.5628	0.0132
00:42	0.5932	0.5796	0.5656	0.0109
00:43	0.6133	0.5686	0.5898	0.0250
00:44	0.5980	0.5594	0.5788	0.0377
00:45	0.5838	0.6095	0.5788	0.0233
00:46	0.5554	0.5531	0.5628	0.0231
00:47	0.6058	0.5156	0.5701	0.0408
00:48	0.5841	0.5520	0.5762	0.0287
00:49	0.5899	0.5844	0.5738	0.0250
00:50	0.5994	0.5742	0.5816	0.0437
00:51	0.6218	0.6090	0.5961	0.0449
00:52	0.5848	0.6203	0.5964	0.0309
00:53	0.5862	0.5680	0.5661	0.0302
00:54	0.5956	0.6125	0.5898	0.0436
00:55	0.5955	0.5814	0.5842	0.0584
00:56	0.6087	0.6078	0.5883	0.0529
00:57	0.6150	0.5982	0.5845	0.0365
00:58	0.6097	0.5957	0.5798	0.0361
00:59	0.6071	0.6087	0.6031	0.0433
01:00	0.6222	0.6143	0.6034	0.0501
01:01	0.6181	0.6021	0.5993	0.0463
01:02	0.6390	0.5644	0.5688	0.0305
01:03	0.6688	0.5646	0.5940	0.0421
01:04	0.6741	0.5702	0.5930	0.0501
01:05	0.6970	0.6186	0.5738	0.0577
01:06	0.6911	0.5923	0.5764	0.0490
01:07	0.7367	0.6056	0.5652	0.0436
01:08	0.7518	0.5596	0.5627	0.0535
01:09	0.7492	0.5397	0.5724	0.0463
01:10	0.7554	0.5449	0.5495	0.0501
01:11	0.7538	0.5748	0.5603	0.0514
01:12	0.7851	0.5656	0.5532	0.0503
01:13	0.7697	0.5565	0.5509	0.0536
01:14	0.7688	0.5583	0.5266	0.0479
01:15	0.7764	0.5793	0.5417	0.0495
01:16	0.7924	0.5872	0.5398	0.0588
01:17	0.7786	0.5649	0.5296	0.0573
01:18	0.8082	0.5387	0.5067	0.0503
01:19	0.8021	0.5533	0.5159	0.0463
01:20	0.7863	0.4949	0.5122	0.0568
01:21	0.8029	0.5087	0.4981	0.0541
01:22	0.7829	0.5533	0.5250	0.0783
01:23	0.7765	0.5080	0.5099	0.0580
01:24	0.7571	0.4577	0.4832	0.0515
01:25	0.8194	0.5144	0.5037	0.0558
01:26	0.8471	0.5769	0.5275	0.0870
01:27	0.8308	0.5434	0.5267	0.0821
01:28	0.8403	0.5323	0.5092	0.0800
01:29	0.8499	0.5514	0.5243	0.0720
01:30	0.8151	0.5867	0.5442	0.1063
01:31	0.8048	0.5441	0.5417	0.1067
01:32	0.8057	0.5204	0.5148	0.0810
01:33	0.8093	0.5602	0.5169	0.0936
01:34	0.8077	0.5320	0.5174	0.0981
01:35	0.8107	0.5076	0.5135	0.0908
01:36	0.8310	0.5176	0.5206	0.0989
01:37	0.8378	0.5671	0.5403	0.1133
01:38	0.8488	0.5801	0.5421	0.1167
01:39	0.8550	0.5273	0.5143	0.0982
01:40	0.8433	0.4957	0.5111	0.0792
01:41	0.8481	0.5321	0.5196	0.0928
01:42	0.8757	0.4946	0.5003	0.1041
01:43	0.8578	0.4946	0.4971	0.0909
01:44	0.8789	0.5235	0.5078	0.1015
01:45	0.8571	0.5318	0.4755	0.0830
01:46	0.8730	0.5478	0.5032	0.0970
01:47	0.8778	0.5114	0.5119	0.1220
01:48	0.8606	0.4802	0.4823	0.0948
01:49	0.8314	0.4609	0.4866	0.0807
01:50	0.8384	0.5175	0.4999	0.0934
01:51	0.8673	0.5390	0.4924	0.0987
01:52	0.8482	0.4953	0.4850	0.0990
01:53	0.8761	0.5508	0.5235	0.1307
01:54	0.8906	0.5563	0.5338	0.1351
01:55	0.8723	0.5259	0.5060	0.1248
01:56	0.8639	0.5273	0.5043	0.1153
01:57	0.8444	0.5658	0.5049	0.1301
01:58	0.8511	0.5004	0.4677	0.1043
01:59	0.8599	0.5107	0.5015	0.1237
02:00	0.9037	0.4727	0.5045	0.1422
02:01	0.8256	0.5117	0.4960	0.1177
02:02	0.8774	0.5060	0.4980	0.1227
02:03	0.8959	0.5525	0.5049	0.1548
02:04	0.9103	0.5327	0.4946	0.1237
02:05	0.9046	0.4727	0.5037	0.1437
02:06	0.9089	0.5054	0.4933	0.1459
02:07	0.9024	0.5323	0.5024	0.1347
02:08	0.9115	0.5388	0.4988	0.1490
02:09	0.8766	0.4966	0.5012	0.1442
02:10	0.8843	0.5311	0.5017	0.1559
02:11	0.9025	0.5066	0.4809	0.1386
02:12	0.8883	0.4796	0.4589	0.1450
02:13	0.9050	0.4425	0.4528	0.1456
02:14	0.8948	0.4912	0.4593	0.1583
02:15	0.9007	0.4730	0.4525	0.1476
02:16	0.9076	0.4906	0.4727	0.1536
02:17	0.8862	0.5091	0.4682	0.1429
02:18	0.8810	0.4668	0.4565	0.1650
02:19	0.8916	0.4486	0.4588	0.1435
02:20	0.8892	0.4602	0.4469	0.1488
02:21	0.8971	0.5136	0.4728	0.1644
02:22	0.8965	0.4726	0.4588	0.1535
02:23	0.8590	0.4937	0.4686	0.1449
02:24	0.8773	0.4892	0.4662	0.1460
02:25	0.8960	0.4830	0.4671	0.1739
02:26	0.8468	0.4732	0.4468	0.1682
02:27	0.9017	0.4910	0.4386	0.1648
02:28	0.8726	0.4353	0.4422	0.1692
02:29	0.8734	0.4012	0.4229	0.1626
02:30	0.8883	0.4204	0.4371	0.1765
02:31	0.8727	0.4795	0.4330	0.1832
02:32	0.8845	0.4829	0.4503	0.1804
02:33	0.8860	0.4343	0.4458	0.1814
02:34	0.8778	0.4558	0.4594	0.1855
02:35	0.8938	0.4742	0.4411	0.1829
02:36	0.9087	0.4694	0.4491	0.1841
02:37	0.8874	0.4469	0.4409	0.1910
02:38	0.8949	0.4516	0.4509	0.2087
02:39	0.8744	0.4421	0.4333	0.1839
02:40	0.8867	0.4664	0.4406	0.1802
02:41	0.9041	0.5037	0.4675	0.2061
02:42	0.8794	0.4481	0.4262	0.1864
02:43	0.8567	0.4817	0.4402	0.1973
02:44	0.8765	0.4475	0.4510	0.2084
02:45	0.8590	0.4705	0.4310	0.1983
02:46	0.8559	0.4301	0.3973	0.1755
02:47	0.8611	0.4220	0.4196	0.2045
02:48	0.8885	0.4474	0.4006	0.1965
02:49	0.8877	0.4764	0.4404	0.2118
02:50	0.8825	0.4268	0.4307	0.2042
02:51	0.8839	0.4342	0.4118	0.2015
02:52	0.9096	0.4108	0.4203	0.2152
02:53	0.8975	0.4103	0.4171	0.2158
02:54	0.8906	0.4510	0.4026	0.2052
02:55	0.8829	0.4192	0.3941	0.1990
02:56	0.9033	0.4151	0.4129	0.2132
02:57	0.8935	0.4441	0.3980	0.2051
02:58	0.8872	0.4316	0.4132	0.2077
02:59	0.9083	0.4359	0.4115	0.2279
03:00	0.9066	0.4653	0.4266	0.2209
03:01	0.8976	0.4085	0.3992	0.2205
03:02	0.8820	0.3950	0.3879	0.1954
03:03	0.8966	0.4280	0.3895	0.2140
03:04	0.8911	0.4223	0.4020	0.2142
03:05	0.8992	0.4118	0.4071	0.2248
03:06	0.8582	0.4081	0.3630	0.2077
03:07	0.8715	0.4121	0.3979	0.2277
03:08	0.8870	0.4425	0.3956	0.2417
03:09	0.9029	0.4342	0.4175	0.2519
03:10	0.8749	0.4455	0.3454	0.2198
03:11	0.8441	0.3837	0.3647	0.2382
03:12	0.9303	0.3913	0.3853	0.2320
03:13	0.8813	0.3708	0.3597	0.2236
03:14	0.8794	0.4221	0.3797	0.2280
03:15	0.8622	0.3747	0.3528	0.2272
03:16	0.9168	0.3911	0.3710	0.2403
03:17	0.9166	0.3671	0.3545	0.2337
03:18	0.9139	0.3960	0.3622	0.2561
03:19	0.9333	0.4777	0.4020	0.2792
03:20	0.9203	0.3913	0.3578	0.2581
03:21	0.9325	0.3612	0.3302	0.2444
03:22	0.8995	0.3548	0.3206	0.2585
03:23	0.9228	0.3771	0.3489	0.2388
03:24	0.9036	0.3488	0.3461	0.2479
03:25	0.9146	0.3718	0.3392	0.2574
03:26	0.9277	0.3704	0.3510	0.2720
03:27	0.9224	0.3909	0.3416	0.2630
03:28	0.9140	0.3533	0.3320	0.2614
03:29	0.9384	0.3667	0.3439	0.2637
03:30	0.9360	0.3754	0.3326	0.2602
03:31	0.9374	0.3483	0.3318	0.2816
03:32	0.9335	0.3251	0.3057	0.2688
03:33	0.9035	0.3367	0.3059	0.2660
03:34	0.9156	0.3355	0.3272	0.2666
03:35	0.9190	0.3729	0.3355	0.2772
03:36	0.9191	0.3640	0.3213	0.2733
03:37	0.9057	0.3251	0.3136	0.2696
03:38	0.9389	0.4137	0.3385	0.2905
03:39	0.8898	0.3105	0.3030	0.2624
03:40	0.9192	0.3750	0.3236	0.2851
03:41	0.9170	0.3633	0.3049	0.2864
03:42	0.9119	0.3622	0.2988	0.2990
03:43	0.9300	0.3593	0.3073	0.2975
03:44	0.9390	0.3612	0.3167	0.3200
03:45	0.9226	0.3309	0.3104	0.3107
03:46	0.9425	0.3635	0.3403	0.3087
03:47	0.9380	0.3360	0.3011	0.3018
03:48	0.9549	0.3179	0.2959	0.3034
03:49	0.9564	0.3357	0.3031	0.3118
03:50	0.9436	0.3493	0.3065	0.3298
03:51	0.9293	0.3075	0.2943	0.3248
03:52	0.9334	0.3141	0.2870	0.3278
03:53	0.9397	0.3648	0.2797	0.3156
03:54	0.9326	0.3031	0.2651	0.3058
03:55	0.9483	0.3012	0.2790	0.3383
03:56	0.9552	0.2991	0.2774	0.3416
03:57	0.9880	0.3505	0.2804	0.3515
03:58	0.9709	0.3221	0.2934	0.3526
03:59	0.9626	0.3031	0.2812	0.3536
04:00	0.9563	0.3002	0.2930	0.3609
04:01	0.9609	0.3274	0.2871	0.3566
04:02	0.9456	0.3441	0.2975	0.3644
04:03	0.9683	0.3489	0.3008	0.3498
04:04	0.9460	0.3226	0.2759	0.3504
04:05	0.9746	0.3130	0.2763	0.3513
04:06	0.9521	0.2813	0.2672	0.3492
04:07	0.9635	0.3106	0.2840	0.3599
04:08	0.9603	0.2804	0.2762	0.3818
04:09	0.9495	0.2596	0.2612	0.3545
04:10	0.9720	0.2735	0.2653	0.3728
04:11	0.9837	0.2893	0.2493	0.3747
04:12	0.9620	0.2641	0.2800	0.3871
04:13	1.0046	0.2888	0.2576	0.3816
04:14	0.9846	0.2433	0.2507	0.3675
04:15	0.9523	0.2516	0.2221	0.3632
04:16	1.0027	0.2358	0.2356	0.3747
04:17	1.0059	0.2978	0.2611	0.3898
04:18	0.9866	0.2635	0.2336	0.3867
04:19	0.9984	0.2518	0.2243	0.3682
04:20	1.0089	0.2904	0.2521	0.3953
04:21	1.0076	0.2905	0.2278	0.3796
04:22	1.0074	0.2676	0.2242	0.3867
04:23	1.0096	0.2728	0.2123	0.3827
04:24	1.0061	0.2849	0.2307	0.4045
04:25	1.0280	0.3182	0.2532	0.4041
04:26	1.0176	0.2788	0.2291	0.3922
04:27	1.0321	0.2630	0.2466	0.4246
04:28	1.0842	0.2746	0.2380	0.4207
04:29	1.0532	0.2930	0.2375	0.4185
04:30	1.0719	0.3203	0.2665	0.4406
04:31	1.0570	0.2915	0.2511	0.4354
04:32	1.0431	0.2687	0.2375	0.4272
04:33	1.0875	0.3006	0.2467	0.4381
04:34	1.0743	0.3065	0.2557	0.4473
04:35	1.0605	0.3074	0.2423	0.4411
04:36	1.0876	0.2860	0.2731	0.4724
04:37	1.0732	0.2874	0.2575	0.4531
04:38	1.0731	0.2952	0.2414	0.4391
04:39	1.0701	0.3388	0.2597	0.4581
04:40	1.0563	0.3029	0.2433	0.4610
04:41	1.0570	0.2532	0.2405	0.4529
04:42	1.0578	0.2783	0.2303	0.4498
04:43	1.0843	0.3065	0.2495	0.4570
04:44	1.0575	0.2795	0.2361	0.4544
04:45	1.0801	0.2602	0.2261	0.4609
04:46	1.0680	0.3358	0.2481	0.4845
04:47	1.0677	0.3148	0.2558	0.4836
04:48	1.0616	0.2547	0.2362	0.4710
04:49	1.0928	0.2919	0.2522	0.4785
04:50	1.0926	0.2510	0.2307	0.4642
04:51	1.0703	0.2992	0.2243	0.5002
04:52	1.0916	0.3036	0.2447	0.4969
04:53	1.1009	0.2994	0.2327	0.4875
04:54	1.0751	0.2736	0.2379	0.5135
04:55	1.0777	0.3229	0.2397	0.5050
04:56	1.0967	0.2815	0.2338	0.5194
04:57	1.1019	0.2966	0.2432	0.5164
04:58	1.0950	0.2533	0.2034	0.4980
04:59	1.0990	0.2450	0.2110	0.5032
05:00	1.1033	0.2706	0.2204	0.5078
05:01	1.0965	0.2903	0.2189	0.5183
05:02	1.1030	0.2930	0.2288	0.5258
05:03	1.0912	0.2456	0.2234	0.5256
05:04	1.1135	0.2747	0.2389	0.5308
05:05	1.1259	0.2215	0.2484	0.5400
05:06	1.1195	0.2786	0.2333	0.5456
05:07	1.1160	0.2526	0.2481	0.5544
05:08	1.1167	0.2946	0.2463	0.5637
05:09	1.1211	0.3314	0.2478	0.5498
05:10	1.1227	0.2927	0.2536	0.5541
05:11	1.1296	0.2880	0.2554	0.5751
05:12	1.1321	0.2450	0.2352	0.5615
05:13	1.1189	0.2776	0.2345	0.5589
05:14	1.1194	0.2689	0.2270	0.5579
05:15	1.1004	0.2704	0.2099	0.5486
05:16	1.1102	0.3389	0.2426	0.5714
05:17	1.1175	0.2044	0.2207	0.5657
05:18	1.1258	0.2382	0.2241	0.5762
05:19	1.1307	0.2827	0.2202	0.5865
05:20	1.0865	0.2943	0.2078	0.5776
05:21	1.1077	0.2580	0.2371	0.5794
05:22	1.1144	0.2752	0.2330	0.5943
05:23	1.0987	0.2394	0.2287	0.5940
05:24	1.1035	0.2381	0.2001	0.5722
05:25	1.0902	0.2357	0.2113	0.5889
05:26	1.1233	0.2533	0.2074	0.5849
05:27	1.1054	0.1929	0.2043	0.5885
05:28	1.1143	0.2429	0.2043	0.5822
05:29	1.1180	0.2706	0.2036	0.6115
05:30	1.1199	0.2770	0.2056	0.6066
05:31	1.1334	0.2548	0.2050	0.5990
05:32	1.1289	0.2700	0.2087	0.6057
05:33	1.1351	0.2570	0.1947	0.6047
05:34	1.1398	0.2894	0.2273	0.6199
05:35	1.1091	0.2242	0.2592	0.5887
05:36	1.1477	0.2155	0.2256	0.6114
05:37	1.1367	0.1569	0.2134	0.6485
05:38	1.1709	0.1542	0.1994	0.6412
05:39	1.1073	0.2406	0.1972	0.6229
05:40	1.1133	0.2289	0.1944	0.6262
05:41	1.1330	0.2223	0.1920	0.6259
05:42	1.1439	0.2446	0.2126	0.6549
05:43	1.1445	0.2552	0.2128	0.6497
05:44	1.1382	0.2806	0.2100	0.6552
05:45	1.1465	0.3077	0.2210	0.6598
05:46	1.1348	0.2537	0.1994	0.6539
05:47	1.1350	0.2578	0.2067	0.6621
05:48	1.1330	0.2388	0.2019	0.6539
05:49	1.1532	0.2601	0.2180	0.6750
05:50	1.1546	0.2253	0.2261	0.6662
05:51	1.1482	0.2434	0.2224	0.6667
05:52	1.1313	0.2583	0.2231	0.6800
05:53	1.1348	0.2357	0.2167	0.6825
05:54	1.1625	0.2807	0.2148	0.6855
05:55	1.1485	0.2784	0.2157	0.6882
05:56	1.1841	0.2835	0.2380	0.7117
05:57	1.1530	0.2883	0.2298	0.6874
05:58	1.1813	0.2541	0.2102	0.7035
05:59	1.1766	0.3008	0.2420	0.7330
06:00	1.1746	0.2709	0.2358	0.7301
06:01	1.1629	0.2585	0.2152	0.7221
06:02	1.1910	0.2822	0.2253	0.7244
06:03	1.2042	0.2851	0.2238	0.7315
06:04	1.1816	0.3014	0.2250	0.7435
06:05	1.1949	0.2868	0.2245	0.7189
06:06	1.2156	0.3042	0.2255	0.7502
06:07	1.1986	0.2709	0.2263	0.7224
06:08	1.1816	0.2903	0.2345	0.7504
06:09	1.1867	0.2557	0.2162	0.7330
06:10	1.2107	0.2352	0.2055	0.7436
06:11	1.1857	0.2675	0.2063	0.7439
06:12	1.2098	0.2868	0.2177	0.7701
06:13	1.2078	0.2867	0.2108	0.7515
06:14	1.1805	0.2721	0.2174	0.7594
06:15	1.1824	0.2744	0.2208	0.7612
06:16	1.1965	0.2588	0.1927	0.7462
06:17	1.1717	0.2628	0.2104	0.7608
06:18	1.1797	0.2360	0.1962	0.7587
06:19	1.1832	0.2108	0.1966	0.7644
06:20	1.1688	0.2388	0.1874	0.7636
06:21	1.1925	0.2632	0.1792	0.7696
06:22	1.2109	0.2204	0.1612	0.7655
06:23	1.1785	0.1923	0.1428	0.7409
06:24	1.1942	0.1819	0.1431	0.7450
06:25	1.2148	0.1871	0.1707	0.7707
06:26	1.2143	0.1743	0.1391	0.7608
06:27	1.1961	0.1964	0.1448	0.7746
06:28	1.2195	0.2058	0.1546	0.7808
06:29	1.2154	0.2043	0.1451	0.7792
06:30	1.2456	0.2330	0.1482	0.7910
06:31	1.2141	0.2065	0.1200	0.7790
06:32	1.2454	0.1725	0.1140	0.7791
06:33	1.2281	0.1415	0.0961	0.7754
06:34	1.2272	0.1631	0.0966	0.7871
06:35	1.2469	0.0857	0.0733	0.7840
06:36	1.2527	0.1400	0.0988	0.7794
06:37	1.2422	0.1647	0.0875	0.7897
06:38	1.2659	0.1862	0.0941	0.7906
06:39	1.2537	0.1429	0.0803	0.7989
06:40	1.2483	0.1326	0.0724	0.7932
06:41	1.2708	0.1645	0.0843	0.7953
06:42	1.2820	0.1289	0.0814	0.8013
06:43	1.3195	0.1528	0.1127	0.8238
06:44	1.3220	0.1788	0.1367	0.8621
06:45	1.3321	0.1976	0.1320	0.8540
06:46	1.2991	0.1704	0.1124	0.8451
06:47	1.3023	0.1533	0.1306	0.8739
06:48	1.3105	0.1971	0.1374	0.8569
06:49	1.3068	0.2348	0.1556	0.8829
06:50	1.3097	0.1935	0.1440	0.8992
06:51	1.3395	0.1916	0.1589	0.8942
06:52	1.2846	0.1433	0.1178	0.8925
06:53	1.2644	0.1574	0.0812	0.8507
06:54	1.2966	0.1192	0.0805	0.8340
06:55	1.2875	0.1528	0.0965	0.8572
06:56	1.3545	0.1615	0.0731	0.8576
06:57	1.3112	0.1460	0.0964	0.8604
06:58	1.3291	0.1239	0.0733	0.8720
06:59	1.3339	0.1085	0.0653	0.8594
07:00	1.3583	0.1303	0.0771	0.8673
07:01	1.3523	0.1452	0.0590	0.8489
07:02	1.3577	0.1563	0.1017	0.8974
07:03	1.3253	0.1931	0.0967	0.8787
07:04	1.3312	0.1460	0.0745	0.8853
07:05	1.3597	0.1596	0.0993	0.8978
07:06	1.3825	0.1270	0.0912	0.9200
07:07	1.3570	0.1176	0.0838	0.9013
07:08	1.3814	0.1773	0.0961	0.9091
07:09	1.3763	0.1801	0.1136	0.9142
07:10	1.3646	0.1590	0.1121	0.9127
07:11	1.3822	0.1318	0.1133	0.9223
07:12	1.3870	0.1721	0.1059	0.9408
07:13	1.3763	0.1372	0.0935	0.9313
07:14	1.3892	0.1185	0.0953	0.9128
07:15	1.3968	0.1522	0.0928	0.9259
07:16	1.3694	0.1823	0.0610	0.9222
07:17	1.4136	0.1450	0.1072	0.9322
07:18	1.3869	0.1383	0.0742	0.9479
07:19	1.4042	0.1721	0.0827	0.9494
07:20	1.3911	0.1769	0.1021	0.9624
07:21	1.3970	0.1890	0.0885	0.9754
07:22	1.4079	0.1437	0.1049	0.9696
07:23	1.4343	0.1685	0.0919	0.9724
07:24	1.3963	0.1122	0.0840	0.9731
07:25	1.4305	0.1376	0.0938	0.9812
07:26	1.4201	0.1671	0.0793	0.9875
07:27	1.4259	0.1550	0.0881	0.9994
07:28	1.4533	0.1308	0.0909	1.0344
07:29	1.4658	0.1585	0.0875	1.0248
07:30	1.4396	0.1778	0.1231	1.0188
07:31	1.4436	0.0919	0.0828	1.0151
07:32	1.4285	0.1019	0.0645	1.0085
07:33	1.4716	0.1707	0.1047	1.0266
07:34	1.4591	0.1649	0.0910	1.0147
07:35	1.4550	0.1270	0.0701	1.0246
07:36	1.4682	0.1565	0.1013	1.0400
07:37	1.4711	0.1514	0.0822	1.0482
07:38	1.4651	0.1740	0.0701	1.0413
07:39	1.4835	0.1227	0.0663	1.0327
07:40	1.4757	0.0934	0.0600	1.0321
07:41	1.4994	0.0860	0.0615	1.0255
07:42	1.4931	0.1129	0.0647	1.0372
07:43	1.4877	0.0925	0.0434	1.0143
07:44	1.4706	0.0815	0.0611	1.0297
07:45	1.4968	0.1145	0.0546	1.0329
07:46	1.4915	0.0947	0.0485	1.0259
07:47	1.5207	0.1296	0.0441	1.0608
07:48	1.5222	0.0651	0.0279	1.0340
07:49	1.5127	0.0764	0.0337	1.0479
07:50	1.5095	0.1113	0.0154	1.0224
07:51	1.5783	0.0917	0.0348	1.0551
07:52	1.5778	0.0824	0.0278	1.0776
07:53	1.5691	0.0797	0.0163	1.0580
07:54	1.5751	0.1066	0.0194	1.0647
07:55	1.6185	0.0852	0.0169	1.0802
07:56	1.6356	0.0490	0.0197	1.0650
07:57	1.6449	0.0820	0.0424	1.1065
07:58	1.6606	0.0507	0.0171	1.0936
07:59	1.6408	0.0780	0.0254	1.0669
08:00	1.6443	0.1063	0.0164	1.0858
08:01	1.6665	0.1040	0.0275	1.0923
08:02	1.6638	0.0891	0.0240	1.0877
08:03	1.6739	0.1029	0.0145	1.0917
08:04	1.6917	0.1028	0.0270	1.1169
08:05	1.7119	0.0882	0.0075	1.1299
08:06	1.7128	0.0584	0.0135	1.1218
08:07	1.7032	0.0434	0.0120	1.1225
08:08	1.6663	0.0635	0.0084	1.1185
08:09	1.6859	0.0680	0.0203	1.1531
08:10	1.6743	0.0801	0.0119	1.1212
08:11	1.6855	0.0779	0.0171	1.1610
08:12	1.7013	0.0748	0.0217	1.1709
08:13	1.7109	0.0883	0.0165	1.1687
08:14	1.7369	0.0914	0.0272	1.1823
08:15	1.7459	0.1245	0.0151	1.1808
08:16	1.7529	0.1503	0.0116	1.1944
08:17	1.7549	0.0833	0.0084	1.1869
08:18	1.7767	0.0724	0.0034	1.1794
08:19	1.7719	0.1054	0.0150	1.1998
08:20	1.7999	0.0776	0.0346	1.2146
08:21	1.8123	0.0672	0.0350	1.2376
08:22	1.7892	0.1040	0.0295	1.2278
08:23	1.7910	0.0874	0.0338	1.2307
08:24	1.8112	0.0751	0.0200	1.2150
08:25	1.7579	0.1048	0.0153	1.2062
08:26	1.7575	0.0778	0.0110	1.2141
08:27	1.7275	0.0766	0.0114	1.2039
08:28	1.7217	0.0976	0.0168	1.2219
08:29	1.7288	0.1074	0.0279	1.2278
08:30	1.7779	0.1061	0.0291	1.2400
08:31	1.8057	0.1114	0.0285	1.2266
08:32	1.8236	0.1083	0.0224	1.2332
08:33	1.8426	0.0893	0.0345	1.2477
08:34	1.7967	0.0908	0.0450	1.2754
08:35	1.7896	0.1376	0.0674	1.2844
08:36	1.7909	0.0815	0.0399	1.2696
08:37	1.7646	0.0437	0.0115	1.2274
08:38	1.7822	0.0790	0.0288	1.2679
08:39	1.7808	0.0957	0.0342	1.2835
08:40	1.7654	0.0830	0.0159	1.2254
08:41	1.7930	0.0908	0.0215	1.2734
08:42	1.7512	0.0795	0.0060	1.2548
08:43	1.7309	0.0950	0.0281	1.2646
08:44	1.7151	0.0918	0.0364	1.2733
08:45	1.6865	0.0754	0.0618	1.3079
08:46	1.7136	0.0842	0.0449	1.2920
08:47	1.7017	0.0944	0.0426	1.2850
08:48	1.6942	0.1408	0.0655	1.2948
08:49	1.7003	0.1100	0.0548	1.2632
08:50	1.7289	0.1106	0.0455	1.2814
08:51	1.6954	0.0866	0.0574	1.2807
08:52	1.7187	0.0798	0.0364	1.2467
08:53	1.7376	0.1168	0.0630	1.2782
08:54	1.7463	0.0956	0.0665	1.2902
08:55	1.7591	0.1193	0.0700	1.2907
08:56	1.7389	0.1101	0.0629	1.2933
08:57	1.7392	0.1004	0.0606	1.2774
08:58	1.7739	0.1130	0.0642	1.2902
08:59	1.7734	0.1385	0.0785	1.2991
09:00	1.7728	0.1414	0.0869	1.3045
09:01	1.7599	0.1149	0.0690	1.2897
09:02	1.7708	0.0942	0.0586	1.3056
09:03	1.7803	0.1635	0.0883	1.3116
09:04	1.7575	0.1207	0.0825	1.2869
09:05	1.7528	0.1033	0.0598	1.3153
09:06	1.7676	0.0742	0.0504	1.2973
09:07	1.7574	0.1038	0.0295	1.2837
09:08	1.7715	0.0864	0.0678	1.2895
09:09	1.7378	0.1092	0.0759	1.2847
09:10	1.7221	0.0972	0.0459	1.2751
09:11	1.7617	0.0820	0.0356	1.2708
09:12	1.7562	0.1062	0.0482	1.2821
09:13	1.7555	0.0914	0.0431	1.2653
09:14	1.8073	0.0891	0.0405	1.2819
09:15	1.8034	0.0784	0.0476	1.2836
09:16	1.7786	0.0972	0.0296	1.2759
09:17	1.7391	0.0998	0.0541	1.2708
09:18	1.6834	0.1199	0.0649	1.3042
09:19	1.7195	0.1209	0.0485	1.3110
09:20	1.7363	0.0987	0.0564	1.3121
09:21	1.7496	0.1325	0.0908	1.3223
09:22	1.7280	0.0891	0.0641	1.3021
09:23	1.7652	0.1385	0.0489	1.3011
09:24	1.7249	0.0970	0.0564	1.3156
09:25	1.7621	0.0905	0.0402	1.3122
09:26	1.7578	0.1045	0.0389	1.2945
09:27	1.7401	0.0931	0.0405	1.3143
09:28	1.7804	0.1544	0.0745	1.3270
09:29	1.7888	0.1189	0.0636	1.3275
09:30	1.7794	0.1148	0.0588	1.3373
09:31	1.7697	0.0854	0.0523	1.3301
09:32	1.8017	0.1006	0.0575	1.3527
09:33	1.8149	0.0852	0.0471	1.3545
09:34	1.7905	0.0985	0.0496	1.3649
09:35	1.8672	0.1076	0.0704	1.3884
09:36	1.8723	0.1315	0.0921	1.3921
09:37	1.8426	0.1118	0.0858	1.3974
09:38	1.8108	0.0895	0.0605	1.3761
09:39	1.8622	0.0912	0.0685	1.3775
09:40	1.8557	0.1263	0.0937	1.3930
09:41	1.8777	0.1672	0.1237	1.4305
09:42	1.8405	0.1465	0.1137	1.4276
09:43	1.8019	0.1785	0.1133	1.4143
09:44	1.8093	0.1119	0.0854	1.4043
09:45	1.8274	0.1481	0.0899	1.4094
09:46	1.8119	0.1554	0.1304	1.4452
09:47	1.7960	0.1370	0.1198	1.4312
09:48	1.8168	0.1602	0.1182	1.4388
09:49	1.7874	0.2165	0.1485	1.4613
09:50	1.7733	0.1592	0.1527	1.4447
09:51	1.7626	0.1272	0.1065	1.4318
09:52	1.7703	0.1070	0.0862	1.4277
09:53	1.8099	0.1082	0.0736	1.4267
09:54	1.8140	0.1080	0.0838	1.4051
09:55	1.8468	0.1147	0.0805	1.4099
09:56	1.8433	0.1085	0.0837	1.4456
09:57	1.8695	0.1572	0.1322	1.4933
09:58	1.8445	0.1208	0.0796	1.4650
09:59	1.8923	0.1265	0.1207	1.4722
10:00	1.8739	0.1516	0.1249	1.4930
10:01	1.8653	0.1795	0.1202	1.4723
10:02	1.9303	0.1433	0.1143	1.4862
10:03	1.9515	0.1958	0.1199	1.5043
10:04	1.8773	0.1480	0.0848	1.4793
10:05	1.9075	0.1298	0.0972	1.4878
10:06	1.8842	0.1301	0.0857	1.4656
10:07	1.7937	0.1263	0.0712	1.4495
10:08	1.8029	0.1364	0.0780	1.4588
10:09	1.8326	0.1390	0.0868	1.4567
10:10	1.8149	0.1383	0.0997	1.4721
10:11	1.8500	0.1437	0.0991	1.4868
10:12	1.8866	0.1198	0.0689	1.4913
10:13	1.8572	0.1726	0.1063	1.5064
10:14	1.8582	0.1374	0.0775	1.4755
10:15	1.9240	0.1786	0.1215	1.5077
10:16	1.9388	0.1876	0.1368	1.5145
10:17	1.9688	0.1951	0.1349	1.5289
10:18	1.8477	0.1786	0.1469	1.5325
10:19	1.8302	0.1418	0.1390	1.5102
10:20	1.7928	0.1944	0.1491	1.5210
10:21	1.7634	0.2115	0.1340	1.5083
10:22	1.7926	0.1813	0.1151	1.4805
10:23	1.7918	0.1771	0.1297	1.4813
10:24	1.8060	0.2148	0.1391	1.5071
10:25	1.8196	0.2405	0.1733	1.5053
10:26	1.8468	0.2069	0.1479	1.4923
10:27	1.7965	0.1703	0.1402	1.4715
10:28	1.8012	0.1748	0.1375	1.4898
10:29	1.8086	0.1467	0.1348	1.4879
10:30	1.8343	0.1827	0.1329	1.4919
10:31	1.8340	0.1563	0.0898	1.4624
10:32	1.8578	0.1017	0.0724	1.4618
10:33	1.8696	0.1229	0.0633	1.4661
10:34	1.8572	0.1340	0.0859	1.4837
10:35	1.8449	0.1758	0.0732	1.4966
10:36	1.8368	0.1433	0.0782	1.4629
10:37	1.8698	0.1479	0.0911	1.4683
10:38	1.8694	0.1770	0.1093	1.4912
10:39	1.8750	0.1275	0.0917	1.4753
10:40	1.9134	0.1331	0.0637	1.4534
10:41	1.9351	0.1184	0.0861	1.4765
10:42	1.8877	0.1658	0.0868	1.4951
10:43	1.9641	0.1689	0.1166	1.5111
10:44	1.9288	0.1691	0.1142	1.5172
10:45	1.9565	0.1331	0.0987	1.5273
10:46	1.9428	0.1539	0.1038	1.5048
10:47	1.9357	0.1423	0.0973	1.4853
10:48	1.9352	0.1923	0.1294	0.7649
10:49	1.9635	0.1533	0.1168	1.4509
10:50	1.9476	0.1272	0.1203	1.5878
10:51	1.9755	0.2069	0.1501	1.6527
10:52	1.9911	0.1960	0.1848	1.6687
10:53	1.9673	0.2150	0.1797	1.6726
10:54	1.9353	0.2046	0.1582	1.6343
10:55	2.0032	0.1718	0.1301	1.6437
10:56	2.0293	0.1419	0.1164	1.6367
10:57	2.0405	0.1651	0.1173	1.6225
10:58	2.0190	0.1654	0.1168	1.6305
10:59	2.0279	0.1683	0.1343	1.6588
11:00	2.0037	0.2171	0.1561	1.6721
11:01	1.9769	0.1877	0.1379	1.6553
11:02	1.9108	0.2149	0.1636	1.6503
11:03	1.9292	0.2653	0.1930	1.6933
11:04	1.9190	0.1760	0.1505	1.6736
11:05	1.9230	0.1634	0.1299	1.6687
11:06	1.9235	0.1951	0.1443	1.6638
11:07	1.9420	0.2513	0.2150	1.6995
11:08	1.9504	0.2185	0.2260	1.7222
11:09	1.9044	0.2611	0.2085	1.7115
11:10	1.9050	0.2144	0.1711	1.6821
11:11	1.9442	0.2039	0.1789	1.6805
11:12	1.9360	0.1678	0.1506	1.6747
11:13	1.9363	0.1735	0.1504	1.7041
11:14	1.9334	0.2245	0.1785	1.7122
11:15	1.9149	0.2045	0.1524	1.6819
11:16	1.9307	0.2566	0.1996	1.7277
11:17	1.9402	0.2468	0.2155	1.7369
11:18	1.9679	0.2873	0.2363	1.7721
11:19	1.9377	0.2005	0.1857	1.7339
11:20	1.9772	0.2742	0.2413	1.7701
11:21	1.9611	0.2346	0.1893	1.7435
11:22	1.9715	0.1977	0.1799	1.7422
11:23	1.9942	0.2162	0.2075	1.7891
11:24	1.9567	0.2451	0.1721	1.7656
11:25	1.9999	0.2898	0.2465	1.8276
11:26	2.0004	0.2539	0.2483	1.8332
11:27	1.9515	0.2790	0.2080	1.7936
11:28	1.9787	0.2415	0.1851	1.7688
11:29	1.9787	0.2498	0.1989	1.8239
11:30	1.9980	0.2488	0.2224	1.8453
11:31	1.9673	0.2767	0.2500	1.8408
11:32	1.9692	0.2767	0.2313	1.8143
11:33	1.9717	0.2471	0.2233	1.8131
11:34	1.9281	0.2992	0.2597	1.7992
11:35	1.9095	0.2607	0.2156	1.7941
11:36	1.9170	0.2717	0.2238	1.7984
11:37	1.8789	0.2012	0.1706	1.7594
11:38	1.9056	0.2102	0.1541	1.7277
11:39	1.9480	0.2035	0.1712	1.7562
11:40	1.9974	0.1892	0.1719	1.7804
11:41	1.9659	0.2105	0.1556	1.7717
11:42	2.0065	0.2170	0.1793	1.8001
11:43	2.0251	0.1929	0.1726	1.7906
11:44	1.9837	0.2131	0.1825	1.7787
11:45	1.9922	0.1996	0.1502	1.7739
11:46	1.9791	0.1811	0.1300	1.7510
11:47	1.9911	0.1667	0.1416	1.7868
11:48	1.9915	0.2234	0.1770	1.8026
11:49	1.9698	0.2688	0.2064	1.8243
11:50	1.9461	0.2472	0.1961	1.8144
11:51	1.9270	0.3037	0.2049	1.8470
11:52	1.9449	0.2326	0.2174	1.8417
11:53	1.9447	0.2864	0.2170	1.8729
11:54	1.9610	0.2449	0.2012	1.8658
11:55	1.9214	0.2073	0.1605	1.8153
11:56	1.9129	0.1728	0.1404	1.7862
11:57	1.9396	0.2343	0.1835	1.8000
11:58	1.9317	0.2681	0.1982	1.8325
11:59	1.9682	0.2964	0.2459	1.8409
12:00	1.9243	0.2936	0.2375	1.8266
12:01	1.9064	0.2625	0.2478	1.8316
12:02	1.9206	0.2729	0.2414	1.8774
12:03	1.9155	0.2727	0.2303	1.8549
12:04	1.9022	0.2814	0.2192	1.8482
12:05	1.8721	0.2401	0.1982	1.8269
12:06	1.8688	0.2461	0.2020	1.7971
12:07	1.8371	0.2143	0.1853	1.7828
12:08	1.8514	0.2112	0.1594	1.7523
12:09	1.8644	0.1695	0.1260	1.7350
12:10	1.9078	0.2039	0.1655	1.7872
12:11	1.8680	0.2083	0.1280	1.7505
12:12	1.8721	0.2389	0.1978	1.8037
12:13	1.8698	0.2035	0.1784	1.7790
12:14	1.8676	0.2870	0.2301	1.7952
12:15	1.9079	0.3134	0.2774	1.8619
12:16	1.8772	0.2498	0.2368	1.8457
12:17	1.9154	0.2704	0.2297	1.8664
12:18	1.8953	0.2857	0.2323	1.8608
12:19	1.9048	0.2436	0.1995	1.8468
12:20	1.9430	0.3103	0.2841	1.9053
12:21	1.9422	0.3678	0.3798	1.9556
12:22	1.9475	0.4872	0.4845	2.0523
12:23	1.9475	0.6421	0.6661	2.2120
12:24	1.8730	0.5584	0.5391	2.0790
12:25	1.8728	0.5891	0.5822	2.0740
12:26	1.8183	0.5722	0.5790	2.0290
12:27	1.9106	0.6707	0.6270	2.0607
12:28	2.0205	0.9215	0.9564	2.3307
12:29	2.2137	1.3115	1.3194	2.6550
12:30	2.1189	1.2958	1.3547	2.7523
12:31	2.0775	1.0678	1.0793	2.5406
12:32	2.0887	1.0082	0.9926	2.3873
12:33	2.0335	0.9259	0.9106	2.3155
12:34	2.0360	0.8858	0.8677	2.2576
12:35	1.9523	0.8100	0.8106	2.1777
12:36	1.8378	0.6217	0.6051	1.9556
12:37	2.0092	0.9314	0.9140	2.1946
12:38	1.9702	0.8642	0.8210	2.1619
12:39	2.1030	1.0181	1.0045	2.3306
12:40	2.1305	0.9945	0.9587	2.2267
12:41	2.0318	0.9475	0.9762	2.2292
12:42	1.9916	0.7635	0.7546	2.0572
12:43	1.8648	0.6987	0.6598	1.9100
12:44	1.9265	0.7660	0.7740	2.0024
12:45	1.8172	0.6040	0.5569	1.8398
12:46	1.8269	0.6193	0.5475	1.7942
12:47	1.8266	0.6049	0.5619	1.8139
12:48	1.9231	0.6924	0.6688	1.8893
12:49	1.9010	0.7022	0.6574	1.9049
12:50	1.8934	0.7687	0.7595	1.9524
12:51	1.8891	0.7085	0.6888	1.9108
12:52	1.9915	0.8216	0.7905	2.0170
12:53	1.9051	0.7553	0.7309	1.9247
12:54	2.0265	1.0387	1.0333	2.1921
12:55	2.0508	1.0230	1.0073	2.1719
12:56	2.1350	1.2078	1.1853	2.3668
12:57	2.0416	0.9797	0.9656	2.0904
12:58	2.0504	1.0218	0.9783	2.1489
12:59	1.8474	0.9653	0.9404	1.9467
13:00	2.0472	1.3468	1.4000	2.3734
13:01	2.3229	1.8362	1.9081	2.9438
13:02	2.4328	2.1333	2.2506	3.1013
13:03	2.3101	1.7676	1.8321	2.8721
13:04	2.5226	2.2544	2.3990	3.3123
13:05	2.0845	1.8532	1.9305	2.7802
13:06	2.1577	1.7964	1.8408	2.7399
13:07	1.9652	1.7054	1.7638	2.5145
13:08	1.9709	1.7756	1.8710	2.5990
13:09	1.9577	1.5428	1.5889	2.3978
13:10	1.8383	1.3031	1.3167	2.1674
13:11	2.1078	1.6608	1.7412	2.6875
13:12	1.9915	1.6638	1.7434	2.5872
13:13	1.9879	2.4186	2.5952	3.0830
13:14	2.0466	2.6298	2.8257	3.0046
13:15	2.5176	3.4892	4.1156	4.2315
13:16	4.6425	4.8358	8.2339	8.5329
13:17	5.2836	5.1299	10.0072	10.3225
13:18	6.3567	5.1376	12.2622	12.8779
13:19	8.1729	5.0896	14.9836	15.9555
13:20	10.2925	5.0215	17.2366	19.0324
13:21	8.5376	5.0666	14.7917	15.7369
13:22	10.2093	5.1246	16.8803	18.0408
13:23	11.4584	5.1246	17.4011	19.0666
13:24	13.6436	5.1560	17.9030	20.5511
13:25	12.6993	5.0949	17.8462	20.5459
13:26	12.6774	5.1278	17.8682	20.3845
13:27	13.0961	5.0875	17.9477	20.5760
13:28	8.8643	5.1130	17.0535	18.3383
13:29	9.3096	5.0961	17.2938	18.7682
13:30	8.5727	5.1799	16.6386	17.8882
13:31	4.8711	5.0842	10.9248	11.5749
13:32	4.9138	5.1094	11.0500	11.7447
13:33	3.8809	5.1235	9.1883	9.3932
13:34	3.3161	5.0485	8.0313	8.0521
13:35	3.2055	4.9149	7.4641	7.7583
13:36	2.6838	4.4128	5.5945	6.0508
13:37	2.6734	4.4174	5.5331	5.9705
13:38	4.2862	4.8976	8.0278	8.4123
13:39	8.3166	5.2338	14.9858	15.2749
13:40	11.9768	5.2845	17.8610	20.1571
13:41	11.1117	5.2251	17.7853	20.2889
13:42	12.2622	5.2915	17.4877	19.7836
13:43	12.8360	5.2346	18.0114	20.6760
13:44	10.6098	5.2411	17.5561	19.6679
13:45	9.8201	5.3167	17.1977	19.2574
13:46	8.0475	5.1826	14.1957	15.3562
13:47	5.6980	5.2798	10.8456	11.3323
13:48	3.5312	5.0180	7.3817	8.3760
13:49	2.8192	4.8995	6.6607	8.0544
13:50	5.1235	5.2421	9.7081	10.6070
13:51	6.2681	5.3601	11.8941	12.4555
13:52	6.7251	5.3719	12.4730	13.1955
13:53	6.7049	5.3644	12.4945	13.1990
13:54	5.6255	5.3234	11.1941	12.1071
13:55	3.9543	5.2443	8.8125	10.2786
13:56	4.4660	5.3320	10.2634	12.1274
13:57	4.5441	5.3182	11.1929	12.9191
13:58	3.4857	5.2967	9.1285	10.9489
13:59	2.8121	5.0931	7.5803	9.3217
14:00	2.8934	5.0997	7.3517	9.0377
14:01	2.8318	4.9314	6.6954	8.5200
14:02	2.9895	5.0191	6.9108	8.6620
14:03	3.5272	5.1980	7.8854	9.4366
14:04	3.4678	5.1850	7.7998	9.2971
14:05	3.3555	5.0744	7.6424	9.1293
14:06	2.7823	4.9669	6.6726	8.2928
14:07	2.4333	4.7529	6.0534	7.7391
14:08	2.1890	4.7346	5.9237	7.6154
14:09	2.0976	4.5613	5.6025	7.3234
14:10	1.8517	4.2785	5.0448	6.7965
14:11	1.6370	3.8476	4.3686	6.1749
14:12	1.4286	3.3822	3.7295	5.6478
14:13	1.2220	3.0125	3.2411	5.1761
14:14	1.0974	2.6903	2.8306	4.8295
14:15	0.8745	2.5357	2.7083	4.4603
14:16	0.7080	2.3866	2.5041	4.1671
14:17	0.7060	2.1579	2.2945	4.0147
14:18	0.6804	1.9775	2.0513	3.9077
14:19	0.5937	1.8436	1.8810	3.7353
14:20	0.4805	1.8553	1.8994	3.6355
14:21	0.3762	2.0820	2.1599	3.6220
14:22	0.4245	2.1088	2.1699	3.6986
14:23	0.4777	2.0376	2.0959	3.6363
14:24	0.4324	1.6610	1.7254	3.4414
14:25	0.4827	1.4883	1.5262	3.3703
14:26	0.4160	1.3969	1.3896	3.1724
14:27	0.4364	1.2922	1.3233	3.0680
14:28	0.3200	1.3086	1.2849	2.9317
14:29	0.3642	1.2318	1.2475	2.8934
14:30	0.3143	1.2175	1.2343	2.8147
14:31	0.3218	1.2322	1.2255	2.7242
14:32	0.2668	1.1782	1.1795	2.5924
14:33	0.1881	1.1198	1.0988	2.5061
14:34	0.2118	1.0930	1.0826	2.4576
14:35	0.2349	1.0080	1.0178	2.3776
14:36	0.1941	0.9278	0.8966	2.2593
14:37	0.1696	0.9021	0.9123	2.2133
14:38	0.1847	0.8487	0.8596	2.1325
14:39	0.1479	0.8407	0.8512	2.1005
14:40	0.0837	0.7973	0.7648	2.0258
14:41	0.1328	0.8461	0.8288	2.0592
14:42	0.1173	0.8501	0.8234	2.0670
14:43	0.0961	0.7859	0.7979	1.9932
14:44	0.1155	0.8052	0.7982	1.9875
14:45	0.1460	0.8278	0.8240	1.9868
14:46	0.2168	0.8437	0.7976	1.9654
14:47	0.3789	0.7973	0.7936	1.9315
14:48	0.5000	0.7528	0.7204	1.8899
14:49	0.3963	0.7980	0.7871	1.9496
14:50	0.2484	0.7969	0.7813	1.9580
14:51	0.1359	0.8515	0.7782	1.9052
14:52	0.1214	0.7812	0.7665	1.9160
14:53	0.1179	0.7754	0.7365	1.9161
14:54	0.1242	0.7027	0.7051	1.8861
14:55	0.0942	0.7890	0.7801	1.9090
14:56	0.0754	0.8459	0.8101	1.9312
14:57	0.1867	0.9961	0.9962	2.1195
14:58	0.1866	1.0875	1.0806	2.1546
14:59	0.2452	1.1441	1.1480	2.2977
15:00	0.3219	1.1588	1.1489	2.3652
15:01	0.2401	1.1312	1.1041	2.3149
15:02	0.3731	1.2547	1.3140	2.4854
15:03	0.3619	1.3466	1.4120	2.5474
15:04	0.3686	1.3337	1.4091	2.5815
15:05	0.4435	1.5459	1.5683	2.7208
15:06	0.5377	1.7716	1.8679	3.0512
15:07	0.7325	2.0144	2.1466	3.2914
15:08	0.7033	2.0404	2.1079	3.2776
15:09	0.6184	1.8964	1.9768	3.1978
15:10	0.6281	1.9145	2.0192	3.2310
15:11	0.5627	1.7091	1.7970	3.0414
15:12	0.6903	1.8601	1.9531	3.2694
15:13	0.8175	2.0250	2.1651	3.5175
15:14	0.7123	1.9670	2.0767	3.3654
15:15	0.6674	1.8803	1.9810	3.2388
15:16	0.7467	2.0291	2.1653	3.4071
15:17	0.6509	1.9723	2.0685	3.2763
15:18	0.6108	1.9424	2.0349	3.2119
15:19	0.5572	1.8410	1.9450	3.1259
15:20	0.5339	1.8197	1.9044	3.0792
15:21	0.6302	1.8210	1.8960	3.1358
15:22	0.6835	1.9048	2.0372	3.3009
15:23	0.6597	1.9754	2.0717	3.2722
15:24	0.6910	1.9591	2.0711	3.2697
15:25	0.7265	1.9800	2.0532	3.2375
15:26	0.7486	2.0278	2.0927	3.3181
15:27	0.8621	2.4703	2.5986	3.6992
15:28	1.0767	2.9621	3.1046	4.2004
15:29	1.2049	3.1404	3.3786	4.5198
15:30	1.1890	3.1713	3.4530	4.5978
15:31	1.2781	3.2973	3.5554	4.7214
15:32	1.1293	2.9541	3.1677	4.3084
15:33	1.0554	2.8271	3.0207	4.1653
15:34	0.9804	2.7981	3.0190	4.0945
15:35	0.9310	2.8162	3.0196	4.0678
15:36	1.0221	2.9076	3.1573	4.2128
15:37	1.0164	3.0089	3.2330	4.2751
15:38	1.0355	2.9884	3.2712	4.3289
15:39	1.0534	3.2387	3.5556	4.4894
15:40	0.9525	2.9248	3.1952	4.0988
15:41	0.6820	2.5502	2.7205	3.5383
15:42	0.7589	2.7631	2.9052	3.7334
15:43	0.7245	2.6967	2.9006	3.6878
15:44	0.5511	2.4098	2.5602	3.3058
15:45	0.4491	2.1090	2.2820	3.0578
15:46	0.4953	2.1261	2.2828	3.0947
15:47	0.4491	2.1661	2.2834	3.0287
15:48	0.4401	2.1640	2.2987	3.0278
15:49	0.5001	2.2258	2.3504	3.0836
15:50	0.5698	2.2634	2.4144	3.1683
15:51	0.4829	1.9958	2.1731	2.8996
15:52	0.4258	1.9219	2.0437	2.7673
15:53	0.4278	1.9235	2.0314	2.7488
15:54	0.4228	1.8626	1.9485	2.6491
15:55	0.3423	1.6745	1.7941	2.4776
15:56	0.3646	1.7431	1.8197	2.4728
15:57	0.3767	1.8989	1.9559	2.6068
15:58	0.3498	1.8476	1.9315	2.5701
15:59	0.3646	1.7882	1.9188	2.5833
16:00	0.4076	1.9474	2.0723	2.7134
16:01	0.4585	2.0020	2.1018	2.7300
16:02	0.3854	1.7458	1.8504	2.4641
16:03	0.2457	1.4624	1.5766	2.1659
16:04	0.2447	1.4257	1.5232	2.1405
16:05	0.2595	1.5359	1.6799	2.2256
16:06	0.2459	1.6316	1.6846	2.2081
16:07	0.3099	1.6306	1.7339	2.2625
16:08	0.2661	1.6106	1.7030	2.1902
16:09	0.2112	1.5816	1.6438	2.0820
16:10	0.1603	1.5357	1.6283	2.0776
16:11	0.1421	1.5634	1.6067	2.0611
16:12	0.2261	1.5723	1.6372	2.0674
16:13	0.1217	1.4018	1.4652	1.9012
16:14	0.1013	1.3231	1.3528	1.7950
16:15	0.1183	1.2790	1.3131	1.7633
16:16	0.0858	1.2493	1.2798	1.7150
16:17	0.0545	1.2236	1.2425	1.6576
16:18	0.0535	1.2144	1.2184	1.6301
16:19	0.0302	1.1752	1.2210	1.6037
16:20	0.0409	1.1005	1.1587	1.5971
16:21	0.0329	1.1530	1.1682	1.5694
16:22	0.0293	1.1349	1.1617	1.5413
16:23	0.0543	1.1259	1.1649	1.5596
16:24	0.0242	1.1504	1.1167	1.4875
16:25	0.0250	1.1361	1.1413	1.5020
16:26	0.0254	1.0850	1.0990	1.4551
16:27	0.0246	1.1150	1.0970	1.4388
16:28	0.0207	1.0420	1.0786	1.4285
16:29	0.0092	1.0543	1.0529	1.3991
16:30	0.0132	1.0491	1.0603	1.3930
16:31	0.0002	1.0536	1.0324	1.3425
16:32	0.0037	1.0720	1.0377	1.3462
16:33	0.0032	1.0289	1.0017	1.3083
16:34	0.0022	0.9725	1.0151	1.3017
16:35	0.0007	1.0395	0.9774	1.2896
16:36	0.0024	0.9736	0.9951	1.2933
16:37	0.0040	0.9404	0.9263	1.2354
16:38	0.0114	0.8923	0.9167	1.2319
16:39	0.0035	0.8779	0.8899	1.2046
16:40	0.0007	0.8675	0.8644	1.1625
16:41	0.0003	0.8643	0.8555	1.1690
16:42	0.0043	0.8515	0.8280	1.1252
16:43	0.0005	0.8174	0.8165	1.1137
16:44	0.0041	0.8327	0.8398	1.1226
16:45	0.0029	0.8334	0.8344	1.1160
16:46	0.0008	0.8043	0.8301	1.0916
16:47	0.0050	0.9154	0.8361	1.1116
16:48	0.0022	0.8291	0.8145	1.0806
16:49	0.0119	0.8206	0.8571	1.1097
16:50	0.0035	0.8695	0.8563	1.0966
16:51	0.0056	0.8100	0.8333	1.0774
16:52	0.0093	0.8605	0.8560	1.0623
16:53	0.0099	0.8694	0.8504	1.0818
16:54	0.0163	0.8630	0.8545	1.0765
16:55	0.0080	0.8329	0.8400	1.0561
16:56	0.0154	0.8352	0.8430	1.0505
16:57	0.0069	0.8292	0.8418	1.0604
16:58	0.0065	0.8286	0.8237	1.0478
16:59	0.0012	0.7711	0.7874	1.0010
17:00	0.0094	0.8196	0.8098	1.0254
17:01	0.0097	0.8074	0.8276	1.0115
17:02	0.0176	0.8320	0.8089	1.0188
17:03	0.0216	0.7789	0.7893	1.0043
17:04	0.0549	0.8010	0.7964	1.0196
17:05	0.0504	0.7529	0.7636	0.9945
17:06	0.0583	0.7458	0.7704	0.9898
17:07	0.0578	0.7876	0.8174	1.0144
17:08	0.0867	0.8490	0.8058	1.0005
17:09	0.1096	0.8300	0.7813	0.9874
17:10	0.0972	0.7799	0.7845	0.9986
17:11	0.1423	0.7995	0.7601	0.9956
17:12	0.1275	0.7278	0.7665	0.9767
17:13	0.1412	0.7481	0.7461	0.9609
17:14	0.1624	0.7399	0.7404	0.9570
17:15	0.1259	0.7834	0.7299	0.9438
17:16	0.1460	0.7796	0.7530	0.9627
17:17	0.1548	0.7754	0.7582	0.9812
17:18	0.1336	0.6825	0.7053	0.9345
17:19	0.1725	0.7672	0.7407	0.9542
17:20	0.1946	0.7980	0.7641	0.9667
17:21	0.1567	0.7350	0.7155	0.9179
17:22	0.1720	0.7369	0.7425	0.9430
17:23	0.1941	0.7412	0.7214	0.9287
17:24	0.1996	0.7421	0.7247	0.9323
17:25	0.2029	0.7423	0.7496	0.9243
17:26	0.2090	0.6983	0.7094	0.9064
17:27	0.2254	0.7145	0.7395	0.9367
17:28	0.2387	0.7417	0.7418	0.9502
17:29	0.2383	0.7794	0.7622	0.9478
17:30	0.2157	0.7601	0.7454	0.9316
17:31	0.2117	0.7674	0.7541	0.9206
17:32	0.2005	0.7607	0.7540	0.9166
17:33	0.1760	0.7683	0.7278	0.8929
17:34	0.1722	0.7111	0.6853	0.8675
17:35	0.1839	0.7870	0.7718	0.9170
17:36	0.2471	0.7819	0.7634	0.9034
17:37	0.1796	0.7069	0.7364	0.8906
17:38	0.1925	0.7619	0.7506	0.8878
17:39	0.1917	0.7411	0.7402	0.8700
17:40	0.2019	0.7708	0.7667	0.8591
17:41	0.2338	0.7532	0.7826	0.8886
17:42	0.2246	0.7891	0.7762	0.8814
17:43	0.2115	0.7955	0.7813	0.8856
17:44	0.2030	0.7467	0.7681	0.8513
17:45	0.2346	0.8122	0.7891	0.8721
17:46	0.2270	0.7960	0.8040	0.8891
17:47	0.2429	0.7853	0.8026	0.8658
17:48	0.2718	0.7879	0.7957	0.8691
17:49	0.2266	0.7732	0.7863	0.8468
17:50	0.2257	0.8346	0.8284	0.8572
17:51	0.2150	0.7797	0.8040	0.8455
17:52	0.2834	0.8326	0.8009	0.8612
17:53	0.2486	0.8035	0.8047	0.8643
17:54	0.2625	0.8008	0.7990	0.8448
17:55	0.2622	0.8260	0.8045	0.8222
17:56	0.2486	0.8146	0.7790	0.7954
17:57	0.2543	0.8239	0.8181	0.8277
17:58	0.2964	0.7967	0.8186	0.8369
17:59	0.2645	0.7735	0.7869	0.8087
18:00	0.2697	0.7699	0.7777	0.7933
18:01	0.2981	0.8409	0.8353	0.8351
18:02	0.2611	0.8247	0.7790	0.7837
18:03	0.2687	0.8510	0.8139	0.7891
18:04	0.3232	0.8412	0.8045	0.7921
18:05	0.3064	0.7966	0.7907	0.7691
18:06	0.3147	0.7794	0.8059	0.7861
18:07	0.3308	0.7937	0.8145	0.7880
18:08	0.3127	0.8034	0.8023	0.7841
18:09	0.3490	0.7911	0.8080	0.7761
18:10	0.3651	0.8037	0.8054	0.7898
18:11	0.3700	0.7755	0.7657	0.7561
18:12	0.3326	0.7826	0.7927	0.7726
18:13	0.3478	0.8536	0.8085	0.7733
18:14	0.3342	0.8164	0.8195	0.7796
18:15	0.3438	0.8044	0.8110	0.7682
18:16	0.3361	0.8345	0.8214	0.7644
18:17	0.3369	0.8511	0.8213	0.7804
18:18	0.3085	0.8248	0.8278	0.7661
18:19	0.3232	0.8620	0.8248	0.7551
18:20	0.2976	0.8183	0.8605	0.7505
18:21	0.3404	0.8619	0.8390	0.7546
18:22	0.3279	0.8422	0.8430	0.7509
18:23	0.3279	0.8789	0.8387	0.7352
18:24	0.3292	0.8285	0.8362	0.7323
18:25	0.3472	0.8302	0.8515	0.7571
18:26	0.3444	0.8661	0.8673	0.7463
18:27	0.3401	0.8803	0.8593	0.7366
18:28	0.3519	0.8860	0.8503	0.7392
18:29	0.3686	0.8845	0.8552	0.7543
18:30	0.3672	0.9045	0.8525	0.7427
18:31	0.3572	0.8187	0.8584	0.7346
18:32	0.3641	0.8976	0.8688	0.7206
18:33	0.3919	0.8850	0.8922	0.7545
18:34	0.3847	0.8722	0.8983	0.7430
18:35	0.4123	0.9365	0.9186	0.7472
18:36	0.4153	0.9328	0.9162	0.7289
18:37	0.4058	0.9478	0.9228	0.7381
18:38	0.4202	0.9814	0.8997	0.7159
18:39	0.4274	0.9479	0.9386	0.7274
18:40	0.4377	0.9053	0.9070	0.7275
18:41	0.4406	0.9117	0.9306	0.7383
18:42	0.3858	0.9213	0.9103	0.7132
18:43	0.3544	0.8507	0.8769	0.6905
18:44	0.3237	0.8786	0.8860	0.6946
18:45	0.3080	0.8837	0.8798	0.6683
18:46	0.3053	0.8969	0.8922	0.6964
18:47	0.3358	0.9177	0.9173	0.7219
18:48	0.2764	0.8787	0.8632	0.6692
18:49	0.2670	0.9001	0.8891	0.6527
18:50	0.2909	0.8869	0.9196	0.6750
18:51	0.2676	0.9243	0.9177	0.6746
18:52	0.2567	0.9022	0.9237	0.6594
18:53	0.2434	0.9804	0.9439	0.6520
18:54	0.2101	0.8953	0.9022	0.6345
18:55	0.2559	0.9333	0.8995	0.6321
18:56	0.2570	0.9154	0.9082	0.6547
18:57	0.2902	0.9610	0.9286	0.6480
18:58	0.2536	0.9747	0.9236	0.6340
18:59	0.2677	0.9053	0.9462	0.6652
19:00	0.2260	0.9314	0.9094	0.6312
19:01	0.2264	0.9180	0.9530	0.6580
19:02	0.1981	0.9621	0.9532	0.6273
19:03	0.2034	0.9723	0.9581	0.6262
19:04	0.2095	0.9652	0.9770	0.6556
19:05	0.1795	1.0417	0.9805	0.6468
19:06	0.2423	0.9327	0.9830	0.6585
19:07	0.2316	0.9841	0.9609	0.6303
19:08	0.2303	0.9519	0.9732	0.6362
19:09	0.2328	0.9800	0.9829	0.6287
19:10	0.2552	0.9423	0.9622	0.6043
19:11	0.2468	0.9974	0.9667	0.5873
19:12	0.2416	0.9718	0.9553	0.5901
19:13	0.2688	0.9884	0.9845	0.6033
19:14	0.2814	0.9845	0.9731	0.5886
19:15	0.2689	0.9960	0.9716	0.5866
19:16	0.2816	1.0287	0.9898	0.5998
19:17	0.2783	1.0213	0.9640	0.5736
19:18	0.3239	0.9994	0.9980	0.5977
19:19	0.2994	0.9959	0.9869	0.5764
19:20	0.3319	1.0164	1.0076	0.5862
19:21	0.3239	0.9689	0.9587	0.5555
19:22	0.2960	0.9969	0.9866	0.5509
19:23	0.2759	1.0197	0.9699	0.5408
19:24	0.2812	1.0298	0.9860	0.5388
19:25	0.2511	1.0134	0.9820	0.5316
19:26	0.2841	1.0070	0.9755	0.5309
19:27	0.3134	0.9840	0.9953	0.5276
19:28	0.3138	1.0052	1.0192	0.5369
19:29	0.3241	0.9479	0.9915	0.5348
19:30	0.3131	0.9679	0.9764	0.5042
19:31	0.3161	0.9926	1.0223	0.5187
19:32	0.3174	0.9696	0.9732	0.5033
19:33	0.3118	0.9919	0.9627	0.4913
19:34	0.3642	0.9640	0.9752	0.4891
19:35	0.3712	0.9853	1.0220	0.5282
19:36	0.3419	0.9874	0.9993	0.4983
19:37	0.3583	0.9956	0.9849	0.4993
19:38	0.3842	0.9949	1.0025	0.5086
19:39	0.3808	0.9676	0.9741	0.4803
19:40	0.3737	0.9375	0.9529	0.4645
19:41	0.4130	0.9592	0.9743	0.4773
19:42	0.3702	0.9754	0.9769	0.4932
19:43	0.3850	0.9589	0.9615	0.4786
19:44	0.3956	0.9676	0.9923	0.4885
19:45	0.3875	0.9889	0.9763	0.4763
19:46	0.4048	0.9320	0.9853	0.4847
19:47	0.3779	0.9697	0.9763	0.4630
19:48	0.3945	1.0385	1.0015	0.4961
19:49	0.3659	0.9686	0.9643	0.4735
19:50	0.3765	0.9675	0.9907	0.4827
19:51	0.3836	0.9613	0.9713	0.4629
19:52	0.3734	0.9825	0.9853	0.4513
19:53	0.3744	0.9405	0.9707	0.4597
19:54	0.3933	0.9925	0.9755	0.4583
19:55	0.3823	0.9737	0.9743	0.4654
19:56	0.3460	0.9936	0.9859	0.4847
19:57	0.3161	0.9843	0.9935	0.4717
19:58	0.3031	1.0042	0.9773	0.4478
19:59	0.3114	1.0358	1.0006	0.4762
20:00	0.3018	1.0013	0.9962	0.4570
20:01	0.2730	0.9923	1.0124	0.4666
20:02	0.2957	1.0075	1.0218	0.4658
20:03	0.2941	1.0203	0.9975	0.4395
20:04	0.3110	0.9898	0.9952	0.4495
20:05	0.3060	1.0194	1.0082	0.4493
20:06	0.2780	0.9852	0.9697	0.4253
20:07	0.2909	1.0053	0.9883	0.4202
20:08	0.2970	1.0282	0.9761	0.4359
20:09	0.2892	0.9862	0.9854	0.4310
20:10	0.2682	0.9456	0.9780	0.4118
20:11	0.2809	0.9906	0.9843	0.4250
20:12	0.2833	0.9838	0.9860	0.4271
20:13	0.3000	0.9649	1.0025	0.4161
20:14	0.2651	0.9735	0.9993	0.4246
20:15	0.2658	0.9398	0.9903	0.4231
20:16	0.2907	1.0144	1.0182	0.4367
20:17	0.3013	0.9847	1.0087	0.4243
20:18	0.2881	0.9864	0.9897	0.4142
20:19	0.2924	0.9951	1.0164	0.4247
20:20	0.2911	0.9741	0.9811	0.4114
20:21	0.2741	0.9395	0.9870	0.4056
20:22	0.2884	1.0385	0.9978	0.4054
20:23	0.2977	0.9892	1.0278	0.4210
20:24	0.2799	1.0284	1.0183	0.4084
20:25	0.2835	1.0454	1.0227	0.4155
20:26	0.3096	1.0180	1.0345	0.4030
20:27	0.3012	1.0121	1.0154	0.4096
20:28	0.2865	1.0115	1.0181	0.3954
20:29	0.3186	1.0134	1.0268	0.4233
20:30	0.2901	1.0436	1.0128	0.3938
20:31	0.2944	1.0415	1.0033	0.3841
20:32	0.3062	1.0201	1.0131	0.3992
20:33	0.2791	1.0209	0.9873	0.3843
20:34	0.2580	1.0422	1.0118	0.3856
20:35	0.2822	1.0273	1.0236	0.3906
20:36	0.2667	0.9999	1.0006	0.3959
20:37	0.2760	1.0179	1.0282	0.4053
20:38	0.2920	1.0023	1.0059	0.3785
20:39	0.2770	0.9762	0.9915	0.3760
20:40	0.2711	0.9792	1.0077	0.3797
20:41	0.2967	1.0009	1.0529	0.4298
20:42	0.2672	1.0178	1.0073	0.3761
20:43	0.2619	1.0089	1.0137	0.3930
20:44	0.3047	1.0455	1.0369	0.3970
20:45	0.2520	1.0158	0.9977	0.3589
20:46	0.2791	1.0582	1.0474	0.3943
20:47	0.2709	0.9975	1.0410	0.3913
20:48	0.2685	0.9994	1.0022	0.3786
20:49	0.3040	1.0217	1.0237	0.3944
20:50	0.3145	1.0063	1.0380	0.3988
20:51	0.2959	1.0622	1.0207	0.3759
20:52	0.2722	1.0392	1.0038	0.3740
20:53	0.3090	1.0080	1.0387	0.3925
20:54	0.2713	1.0028	1.0163	0.3739
20:55	0.2604	1.0479	1.0051	0.3517
20:56	0.2852	1.0457	1.0460	0.3738
20:57	0.2782	1.0502	1.0375	0.3850
20:58	0.3196	1.0344	1.0299	0.3917
20:59	0.2787	1.0413	1.0056	0.3615
21:00	0.2737	1.0034	1.0083	0.3492
21:01	0.2606	1.0474	1.0071	0.3649
21:02	0.2977	1.0186	1.0133	0.3658
21:03	0.2952	1.0456	1.0080	0.3597
21:04	0.2878	1.0080	1.0249	0.3556
21:05	0.2784	1.0401	1.0065	0.3510
21:06	0.3008	1.0498	1.0341	0.3755
21:07	0.2938	1.0363	1.0101	0.3693
21:08	0.3120	1.0024	1.0219	0.3722
21:09	0.3033	1.0191	1.0002	0.3661
21:10	0.2932	1.0513	1.0059	0.3607
21:11	0.3031	1.0273	1.0158	0.3695
21:12	0.3167	1.0307	0.9937	0.3851
21:13	0.2874	1.0373	1.0118	0.3694
21:14	0.3089	1.0189	1.0368	0.3827
21:15	0.3191	1.0402	1.0332	0.3902
21:16	0.3094	1.0797	1.0392	0.3745
21:17	0.3147	0.9515	1.0134	0.3660
21:18	0.2921	0.9632	0.9814	0.3406
21:19	0.3315	1.0097	1.0140	0.3872
21:20	0.3175	1.0093	1.0074	0.3736
21:21	0.2804	0.9970	1.0026	0.3521
21:22	0.2895	1.0044	1.0065	0.3759
21:23	0.3199	1.0181	1.0200	0.3703
21:24	0.3075	1.0698	1.0275	0.3769
21:25	0.2967	0.9977	1.0027	0.3733
21:26	0.3044	1.0199	1.0257	0.3722
21:27	0.3051	1.0714	1.0312	0.3930
21:28	0.3158	1.0398	1.0359	0.4021
21:29	0.2999	1.0471	1.0335	0.3863
21:30	0.2993	0.9848	1.0042	0.3908
21:31	0.3173	0.9957	1.0214	0.3892
21:32	0.3209	1.0409	1.0437	0.4164
21:33	0.2933	1.0132	0.9950	0.3655
21:34	0.3239	1.0369	1.0334	0.3923
21:35	0.3132	1.0338	1.0325	0.3764
21:36	0.3217	1.0350	1.0252	0.4023
21:37	0.3031	0.9735	1.0120	0.3776
21:38	0.2851	1.0361	1.0292	0.3783
21:39	0.2960	1.0214	1.0343	0.3786
21:40	0.2808	1.0118	1.0198	0.3889
21:41	0.2987	1.0250	1.0349	0.3992
21:42	0.3008	1.0264	1.0368	0.3906
21:43	0.3069	1.0449	1.0343	0.4003
21:44	0.3140	1.0088	1.0201	0.3965
21:45	0.3016	1.0350	1.0426	0.3961
21:46	0.2937	1.0361	1.0284	0.3848
21:47	0.2933	1.0030	1.0352	0.3838
21:48	0.2906	1.0646	1.0181	0.3967
21:49	0.3023	1.0182	1.0304	0.3874
21:50	0.2745	1.0257	1.0302	0.4005
21:51	0.2801	1.0599	1.0323	0.3896
21:52	0.2735	1.0324	1.0216	0.3712
21:53	0.2684	1.0316	1.0401	0.3887
21:54	0.2637	1.0246	1.0291	0.3796
21:55	0.2886	1.0260	1.0417	0.3790
21:56	0.2703	0.9813	1.0415	0.3939
21:57	0.2684	1.0062	1.0044	0.3846
21:58	0.2960	0.9962	1.0201	0.3976
21:59	0.2594	1.0538	1.0453	0.3967
22:00	0.2776	1.0497	1.0529	0.4059
22:01	0.2709	1.0566	1.0758	0.4359
22:02	0.2894	1.0753	1.0660	0.4339
22:03	0.3222	1.0717	1.1061	0.4764
22:04	0.3078	1.0920	1.0707	0.4283
22:05	0.2812	1.0821	1.0713	0.4114
22:06	0.2962	1.1186	1.1102	0.4559
22:07	0.2916	1.0618	1.0779	0.4334
22:08	0.3017	1.0654	1.0870	0.4265
22:09	0.3079	1.0676	1.0948	0.4680
22:10	0.3051	1.0575	1.0734	0.4388
22:11	0.2941	1.0843	1.0963	0.4392
22:12	0.2794	1.0844	1.0729	0.4481
22:13	0.2745	1.0642	1.0659	0.4276
22:14	0.3014	1.1081	1.0925	0.4595
22:15	0.2839	1.1095	1.1193	0.4794
22:16	0.2757	1.0929	1.1145	0.4554
22:17	0.3018	1.1226	1.1124	0.4613
22:18	0.2652	1.0607	1.0754	0.4296
22:19	0.3144	1.1602	1.1211	0.4731
22:20	0.3122	1.0955	1.0918	0.4638
22:21	0.3080	1.0865	1.0929	0.4628
22:22	0.2888	1.0838	1.1060	0.4690
22:23	0.2991	1.1110	1.1006	0.4738
22:24	0.3080	1.0983	1.1020	0.4662
22:25	0.2529	1.1070	1.0889	0.4591
22:26	0.3050	1.0905	1.1107	0.4857
22:27	0.3065	1.1098	1.1053	0.4734
22:28	0.2886	1.1037	1.0984	0.4639
22:29	0.2605	1.0849	1.0990	0.4921
22:30	0.2785	1.1146	1.1187	0.4787
22:31	0.2934	1.1375	1.1182	0.4891
22:32	0.2651	1.1296	1.1278	0.4934
22:33	0.2567	1.1248	1.1160	0.4660
22:34	0.2831	1.1321	1.1467	0.5085
22:35	0.2652	1.1252	1.1203	0.4949
22:36	0.2827	1.1327	1.1544	0.5127
22:37	0.2674	1.1132	1.1547	0.5141
22:38	0.2881	1.1265	1.1446	0.5232
22:39	0.2874	1.1266	1.1445	0.5003
22:40	0.2599	1.1359	1.1534	0.5139
22:41	0.2933	1.1398	1.1618	0.5395
22:42	0.2858	1.1374	1.1382	0.5180
22:43	0.2979	1.1479	1.1564	0.5235
22:44	0.2829	1.1880	1.1807	0.5385
22:45	0.2954	1.1651	1.1812	0.5400
22:46	0.2870	1.1782	1.1593	0.5346
22:47	0.2962	1.1924	1.1699	0.5302
22:48	0.2944	1.1952	1.1773	0.5254
22:49	0.2921	1.1745	1.1682	0.5415
22:50	0.2923	1.1523	1.1578	0.5349
22:51	0.3043	1.1597	1.1455	0.5394
22:52	0.2851	1.1495	1.1407	0.5280
22:53	0.2712	1.1433	1.1426	0.5356
22:54	0.2775	1.1466	1.1734	0.5582
22:55	0.2763	1.1928	1.1525	0.5479
22:56	0.2976	1.1654	1.1862	0.5728
22:57	0.2618	1.1357	1.1691	0.5683
22:58	0.2787	1.1435	1.1759	0.5615
22:59	0.2766	1.2057	1.1975	0.5834
23:00	0.2759	1.1631	1.1893	0.5754
23:01	0.2858	1.1989	1.2127	0.6027
23:02	0.2747	1.2410	1.2217	0.6072
23:03	0.2681	1.1833	1.2021	0.5905
23:04	0.2704	1.2342	1.2018	0.6146
23:05	0.2729	1.1589	1.1704	0.5862
23:06	0.2684	1.1527	1.2013	0.5967
23:07	0.2670	1.1664	1.1808	0.5825
23:08	0.2829	1.2029	1.1874	0.6203
23:09	0.2989	1.1965	1.2176	0.6286
23:10	0.2597	1.2186	1.1833	0.6125
23:11	0.2699	1.1716	1.1996	0.6170
23:12	0.2664	1.1603	1.1927	0.6285
23:13	0.2887	1.2231	1.2009	0.6229
23:14	0.3040	1.2449	1.2253	0.6549
23:15	0.2847	1.1759	1.2009	0.6448
23:16	0.2873	1.2143	1.2105	0.6578
23:17	0.2923	1.1985	1.1987	0.6470
23:18	0.3136	1.2023	1.2324	0.6905
23:19	0.3301	1.1522	1.1981	0.6617
23:20	0.3237	1.1860	1.2014	0.6669
23:21	0.3077	1.1701	1.2053	0.6789
23:22	0.3219	1.2349	1.2168	0.6932
23:23	0.2981	1.1734	1.1902	0.6842
23:24	0.3110	1.1653	1.2109	0.7053
23:25	0.3061	1.1802	1.2118	0.6997
23:26	0.3211	1.1782	1.2177	0.7115
23:27	0.3404	1.2458	1.2707	0.7870
23:28	0.3200	1.2215	1.2295	0.7270
23:29	0.3106	1.2831	1.2637	0.7409
23:30	0.3393	1.1883	1.2116	0.7130
23:31	0.3515	1.1930	1.2215	0.7285
23:32	0.3390	1.1646	1.1969	0.7099
23:33	0.2956	1.1973	1.1837	0.6932
23:34	0.3450	1.1970	1.2693	0.7717
23:35	0.3066	1.1959	1.2013	0.7197
23:36	0.3046	1.2085	1.2023	0.7101
23:37	0.3155	1.1963	1.2080	0.7248
23:38	0.3485	1.2773	1.2813	0.8138
23:39	0.3784	1.2784	1.3148	0.8435
23:40	0.4298	1.3548	1.3520	0.8921
23:41	0.4605	1.4029	1.4726	1.0165
23:42	0.4532	1.4908	1.5089	1.0335
23:43	0.4438	1.4353	1.4567	0.9923
23:44	0.3918	1.3521	1.3488	0.8840
23:45	0.3975	1.2724	1.2667	0.8126
23:46	0.3639	1.2337	1.2608	0.7761
23:47	0.3710	1.2411	1.2385	0.7843
23:48	0.3677	1.1728	1.2076	0.7604
23:49	0.3593	1.1900	1.2036	0.7583
23:50	0.3326	1.1549	1.1692	0.7327
23:51	0.3466	1.1581	1.1801	0.7606
23:52	0.3344	1.1511	1.1749	0.7568
23:53	0.3410	1.1355	1.1616	0.7395
23:54	0.3124	1.1535	1.1514	0.7403
23:55	0.3674	1.1878	1.1797	0.7749
23:56	0.3476	1.1513	1.1626	0.7469
23:57	0.3410	1.1830	1.1738	0.7580
23:58	0.4001	1.1990	1.2193	0.8011
23:59	0.3556	1.1375	1.1859	0.7770
